Date,Low,Open,Volume,High,Close,Adjusted Close
02-06-1995,0.65625,0.75,14915200,0.75,0.671875,0.5776098370552063
05-06-1995,0.6367189884185791,0.671875,4787200,0.6796879768371582,0.640625,0.550744354724884
06-06-1995,0.640625,0.65625,4769600,0.6640629768371582,0.640625,0.550744354724884
07-06-1995,0.609375,0.640625,4793600,0.640625,0.640625,0.550744354724884
08-06-1995,0.625,0.640625,7235200,0.703125,0.703125,0.6044754385948181
09-06-1995,0.6875,0.703125,4771200,0.71875,0.703125,0.6044754385948181
12-06-1995,0.6875,0.71875,4409600,0.71875,0.71875,0.6179084181785583
13-06-1995,0.6875,0.71875,2212800,0.71875,0.6875,0.591042697429657
14-06-1995,0.6875,0.703125,4632000,0.703125,0.6875,0.591042697429657
15-06-1995,0.6875,0.703125,896000,0.703125,0.6914060115814209,0.5944005846977234
16-06-1995,0.6875,0.6875,388800,0.703125,0.6875,0.591042697429657
19-06-1995,0.6875,0.703125,374400,0.703125,0.6914060115814209,0.5944005846977234
20-06-1995,0.6875,0.6875,201600,0.703125,0.6875,0.591042697429657
21-06-1995,0.6875,0.6875,481600,0.703125,0.703125,0.6044754385948181
22-06-1995,0.6875,0.703125,5576000,0.703125,0.703125,0.6044754385948181
23-06-1995,0.6875,0.6923829913139343,2844800,0.75,0.75,0.6447737216949463
26-06-1995,0.703125,0.703125,825600,0.75,0.71875,0.6179084181785583
27-06-1995,0.703125,0.75,1020800,0.75,0.75,0.6447737216949463
28-06-1995,0.703125,0.703125,193600,0.75,0.75,0.6447737216949463
29-06-1995,0.703125,0.75,104000,0.75,0.75,0.6447737216949463
30-06-1995,0.75,0.75,14400,0.75,0.75,0.6447737216949463
03-07-1995,0.75,0.75,32000,0.75,0.75,0.6447737216949463
05-07-1995,0.71875,0.71875,417600,0.8125,0.78125,0.6716392636299133
06-07-1995,0.78125,0.78125,691200,0.828125,0.828125,0.7119377851486206
07-07-1995,0.796875,0.796875,1740800,0.890625,0.859375,0.7388032078742981
10-07-1995,0.859375,0.875,1068800,0.90625,0.875,0.7522361874580383
11-07-1995,0.8125,0.90625,432000,0.90625,0.8125,0.6985048055648804
12-07-1995,0.84375,0.84375,708800,0.875,0.875,0.7522361874580383
13-07-1995,0.84375,0.875,337600,0.875,0.875,0.7522361874580383
14-07-1995,0.875,0.875,513600,0.890625,0.890625,0.7656688094139099
17-07-1995,0.859375,0.859375,60800,0.890625,0.890625,0.7656688094139099
18-07-1995,0.828125,0.890625,192000,0.890625,0.875,0.7522361874580383
19-07-1995,0.796875,0.875,332800,0.875,0.828125,0.7119377851486206
20-07-1995,0.828125,0.828125,0,0.828125,0.828125,0.7119377851486206
21-07-1995,0.796875,0.828125,176000,0.828125,0.8007810115814209,0.68843013048172
24-07-1995,0.78125,0.78125,3200,0.828125,0.828125,0.7119377851486206
25-07-1995,0.796875,0.828125,46400,0.828125,0.796875,0.685072124004364
26-07-1995,0.796875,0.828125,187200,0.84375,0.84375,0.7253703474998474
27-07-1995,0.828125,0.84375,979200,0.890625,0.890625,0.7656688094139099
28-07-1995,0.890625,0.890625,9600,0.90625,0.90625,0.7791017293930054
31-07-1995,0.859375,0.859375,89600,0.90625,0.859375,0.7388032078742981
01-08-1995,0.90625,0.90625,9600,0.90625,0.90625,0.7791017293930054
02-08-1995,0.859375,0.90625,38400,0.90625,0.859375,0.7388032078742981
03-08-1995,0.859375,0.859375,59200,0.90625,0.90625,0.7791017293930054
04-08-1995,0.859375,0.859375,11200,0.859375,0.859375,0.7388032078742981
07-08-1995,0.859375,0.890625,14400,0.890625,0.859375,0.7388032078742981
08-08-1995,0.859375,0.859375,216000,0.890625,0.890625,0.7656688094139099
09-08-1995,0.859375,0.890625,182400,0.890625,0.859375,0.7388032078742981
10-08-1995,0.890625,0.890625,9600,0.890625,0.890625,0.7656688094139099
11-08-1995,0.859375,0.859375,8000,0.890625,0.890625,0.7656688094139099
14-08-1995,0.859375,0.890625,107200,0.890625,0.8789060115814209,0.7555940747261047
15-08-1995,0.890625,0.890625,4800,0.890625,0.890625,0.7656688094139099
16-08-1995,0.890625,0.890625,8000,0.890625,0.890625,0.7656688094139099
17-08-1995,0.859375,0.890625,99200,0.890625,0.890625,0.7656688094139099
18-08-1995,0.859375,0.859375,257600,0.890625,0.859375,0.7388032078742981
21-08-1995,0.875,0.890625,401600,0.890625,0.875,0.7522361874580383
22-08-1995,0.890625,0.9375,2531200,0.9375,0.9375,0.8059672713279724
23-08-1995,0.9140629768371582,0.9375,928000,0.9375,0.9375,0.8059672713279724
24-08-1995,0.890625,0.9375,9324800,0.9375,0.890625,0.7656688094139099
25-08-1995,0.890625,0.9375,86400,0.9375,0.9375,0.8059672713279724
28-08-1995,0.890625,0.9375,65600,0.9375,0.890625,0.7656688094139099
29-08-1995,0.890625,0.9375,784000,0.9375,0.9375,0.8059672713279724
30-08-1995,0.890625,0.890625,33600,0.9375,0.9375,0.8059672713279724
31-08-1995,0.9375,0.9375,27200,0.9375,0.9375,0.8059672713279724
01-09-1995,0.9375,0.9375,75200,0.9375,0.9375,0.8059672713279724
05-09-1995,0.890625,0.890625,38400,0.9375,0.9375,0.8059672713279724
06-09-1995,0.890625,0.9375,1896000,0.96875,0.96875,0.8328326940536499
07-09-1995,0.921875,0.921875,769600,0.984375,0.984375,0.8462655544281006
08-09-1995,0.96875,0.984375,2222400,1.0,1.0,0.8596983551979065
11-09-1995,0.984375,1.0,1158400,1.015625,1.015625,0.8731311559677124
12-09-1995,0.96875,0.96875,427200,1.03125,1.03125,0.886563777923584
13-09-1995,1.015625,1.015625,6400,1.015625,1.015625,0.8731311559677124
14-09-1995,0.984375,1.015625,452800,1.046875,1.046875,0.899996817111969
15-09-1995,1.0,1.046875,51200,1.046875,1.046875,0.899996817111969
18-09-1995,1.0,1.046875,30400,1.046875,1.046875,0.899996817111969
19-09-1995,1.0,1.046875,2232000,1.09375,1.09375,0.9402952194213867
20-09-1995,1.0625,1.0625,4377600,1.09375,1.09375,0.9402952194213867
21-09-1995,1.0625,1.0625,132800,1.125,1.125,0.9671608209609985
22-09-1995,1.0625,1.0625,24000,1.125,1.125,0.9671608209609985
25-09-1995,1.0625,1.0625,80000,1.125,1.109375,0.9537278413772583
26-09-1995,1.0625,1.125,80000,1.125,1.109375,0.9537278413772583
27-09-1995,1.0625,1.0625,152000,1.0625,1.0625,0.9134296178817749
28-09-1995,1.0625,1.0625,284800,1.109375,1.0703129768371582,0.9201462864875793
29-09-1995,1.078125,1.078125,209600,1.109375,1.109375,0.9537278413772583
02-10-1995,1.0625,1.0625,17600,1.109375,1.109375,0.9537278413772583
03-10-1995,1.0625,1.09375,3403200,1.109375,1.0625,0.9134296178817749
04-10-1995,1.03125,1.0625,5144000,1.0703129768371582,1.03125,0.886563777923584
05-10-1995,0.984375,1.03125,334400,1.046875,0.984375,0.8462655544281006
06-10-1995,0.953125,0.984375,329600,1.015625,0.96875,0.8328326940536499
09-10-1995,0.9375,1.015625,129600,1.015625,0.96875,0.8328326940536499
10-10-1995,0.890625,0.921875,379200,0.96875,0.90625,0.7791017293930054
11-10-1995,0.875,0.875,163200,0.921875,0.8984379768371582,0.7723854184150696
12-10-1995,0.8828129768371582,0.921875,206400,0.921875,0.8984379768371582,0.7723854184150696
13-10-1995,0.859375,0.921875,620800,0.921875,0.859375,0.7388032078742981
16-10-1995,0.859375,0.90625,846400,0.90625,0.859375,0.7388032078742981
17-10-1995,0.859375,0.90625,641600,0.90625,0.859375,0.7388032078742981
18-10-1995,0.8828129768371582,0.890625,892800,0.90625,0.8828129768371582,0.7589529752731323
19-10-1995,0.875,0.90625,1720000,0.90625,0.90625,0.7791017293930054
20-10-1995,0.90625,0.90625,20800,0.90625,0.90625,0.7791017293930054
23-10-1995,0.875,0.890625,30400,0.9375,0.9375,0.8059672713279724
24-10-1995,0.90625,0.9375,411200,1.0,1.0,0.8596983551979065
25-10-1995,0.96875,1.0,116800,1.015625,1.015625,0.8731311559677124
26-10-1995,0.96875,0.96875,17600,1.0,1.0,0.8596983551979065
27-10-1995,0.96875,0.96875,64000,0.96875,0.96875,0.8328326940536499
30-10-1995,0.953125,0.953125,11200,0.953125,0.953125,0.8193999528884888
31-10-1995,0.9375,0.9375,32000,0.9375,0.9375,0.8059672713279724
01-11-1995,0.9375,0.9375,107200,1.0,1.0,0.8596983551979065
02-11-1995,0.9375,0.9765629768371582,608000,0.9765629768371582,0.9375,0.8059672713279724
03-11-1995,0.953125,1.0,57600,1.0,0.96875,0.8328326940536499
06-11-1995,0.953125,0.96875,3225600,1.0,1.0,0.8596983551979065
07-11-1995,0.984375,0.984375,99200,1.0,1.0,0.8596983551979065
08-11-1995,1.0,1.0,83200,1.0,1.0,0.8596983551979065
09-11-1995,0.9375,0.9375,3200,0.9375,0.9375,0.8059672713279724
10-11-1995,1.0,1.0,3200,1.0,1.0,0.8596983551979065
13-11-1995,0.9375,0.9375,30400,0.9375,0.9375,0.8059672713279724
14-11-1995,0.9375,1.0,36800,1.0,0.9375,0.8059672713279724
15-11-1995,0.9375,0.9375,1600,0.9375,0.9375,0.8059672713279724
16-11-1995,1.0,1.0,8000,1.0,1.0,0.8596983551979065
17-11-1995,1.0,1.0,16000,1.0,1.0,0.8596983551979065
20-11-1995,0.859375,0.9375,974400,0.9414060115814209,0.921875,0.792534351348877
21-11-1995,0.75,0.921875,3339200,0.921875,0.828125,0.7119377851486206
22-11-1995,0.828125,0.84375,2400000,0.90625,0.859375,0.7388032078742981
24-11-1995,0.90625,0.90625,1600,0.90625,0.90625,0.7791017293930054
27-11-1995,0.84375,0.859375,270400,0.90625,0.84375,0.7253703474998474
28-11-1995,0.84375,0.84375,68800,0.90625,0.84375,0.7253703474998474
29-11-1995,0.84375,0.90625,2116800,0.90625,0.890625,0.7656688094139099
30-11-1995,0.875,0.875,1398400,0.90625,0.890625,0.7656688094139099
01-12-1995,0.84375,0.90625,11200,0.90625,0.84375,0.7253703474998474
04-12-1995,0.84375,0.84375,604800,0.90625,0.84375,0.7253703474998474
05-12-1995,0.8125,0.828125,334400,0.875,0.875,0.7522361874580383
06-12-1995,0.8125,0.8125,152000,0.8125,0.8125,0.6985048055648804
07-12-1995,0.8125,0.875,27200,0.875,0.8125,0.6985048055648804
08-12-1995,0.8125,0.8125,376000,0.875,0.8125,0.6985048055648804
11-12-1995,0.8125,0.875,150400,0.875,0.828125,0.7119377851486206
12-12-1995,0.8125,0.8125,329600,0.875,0.84375,0.7253703474998474
13-12-1995,0.75,0.8125,1412800,0.8203129768371582,0.796875,0.685072124004364
14-12-1995,0.75,0.796875,1313600,0.796875,0.78125,0.6716392636299133
15-12-1995,0.75,0.765625,395200,0.796875,0.7578129768371582,0.6514905691146851
18-12-1995,0.65625,0.796875,1806400,0.796875,0.6640629768371582,0.5708937048912048
19-12-1995,0.65625,0.6855469942092896,670400,0.71875,0.65625,0.5641770958900452
20-12-1995,0.65625,0.71875,5107200,0.71875,0.71875,0.6179084181785583
21-12-1995,0.671875,0.71875,1656000,0.796875,0.796875,0.685072124004364
22-12-1995,0.7890629768371582,0.796875,265600,0.796875,0.796875,0.685072124004364
26-12-1995,0.734375,0.796875,209600,0.796875,0.734375,0.6313410401344299
27-12-1995,0.796875,0.796875,1600,0.796875,0.796875,0.685072124004364
28-12-1995,0.75,0.796875,1139200,0.8125,0.796875,0.685072124004364
29-12-1995,0.75,0.8125,78400,0.8125,0.8125,0.6985048055648804
02-01-1996,0.75,0.8125,980800,0.8125,0.75,0.6447737216949463
03-01-1996,0.75,0.75,1232000,0.8125,0.765625,0.6582065224647522
04-01-1996,0.8125,0.8125,14400,0.8125,0.8125,0.6985048055648804
05-01-1996,0.75,0.8125,51200,0.8125,0.75,0.6447737216949463
08-01-1996,0.8125,0.8125,1600,0.8125,0.8125,0.6985048055648804
09-01-1996,0.8125,0.8125,3515200,0.875,0.875,0.7522361874580383
10-01-1996,0.859375,0.875,25600,0.875,0.859375,0.7388032078742981
11-01-1996,0.8125,0.875,211200,0.875,0.875,0.7522361874580383
12-01-1996,0.84375,0.875,230400,0.875,0.84375,0.7253703474998474
15-01-1996,0.84375,0.84375,524800,0.859375,0.859375,0.7388032078742981
16-01-1996,0.8125,0.8691409826278687,128000,0.875,0.8125,0.6985048055648804
17-01-1996,0.8125,0.8125,828800,0.859375,0.84375,0.7253703474998474
18-01-1996,0.875,0.875,22400,0.875,0.875,0.7522361874580383
19-01-1996,0.8125,0.875,25600,0.875,0.8125,0.6985048055648804
22-01-1996,0.8125,0.875,41600,0.875,0.875,0.7522361874580383
23-01-1996,0.875,0.875,6400,0.875,0.875,0.7522361874580383
24-01-1996,0.8125,0.875,217600,0.875,0.875,0.7522361874580383
25-01-1996,0.8125,0.875,1278400,0.875,0.8125,0.6985048055648804
26-01-1996,0.8125,0.875,121600,0.875,0.8203129768371582,0.7052217721939087
29-01-1996,0.828125,0.828125,284800,0.875,0.875,0.7522361874580383
30-01-1996,0.828125,0.875,120000,0.875,0.828125,0.7119377851486206
31-01-1996,0.828125,0.875,46400,0.875,0.828125,0.7119377851486206
01-02-1996,0.828125,0.875,54400,0.875,0.875,0.7522361874580383
02-02-1996,0.828125,0.875,216000,0.875,0.828125,0.7119377851486206
05-02-1996,0.828125,0.859375,102400,0.875,0.875,0.7522361874580383
06-02-1996,0.828125,0.828125,134400,0.875,0.875,0.7522361874580383
07-02-1996,0.828125,0.828125,236800,0.875,0.828125,0.7119377851486206
08-02-1996,0.828125,0.875,116800,0.875,0.828125,0.7119377851486206
09-02-1996,0.828125,0.828125,326400,0.875,0.828125,0.7119377851486206
12-02-1996,0.78125,0.8125,155200,0.8125,0.78125,0.6716392636299133
13-02-1996,0.71875,0.75,3276800,0.78125,0.78125,0.6716392636299133
14-02-1996,0.734375,0.78125,1576000,0.78125,0.75,0.6447737216949463
15-02-1996,0.703125,0.734375,406400,0.78125,0.7421879768371582,0.6380578279495239
16-02-1996,0.703125,0.75,169600,0.765625,0.7421879768371582,0.6380578279495239
20-02-1996,0.703125,0.765625,118400,0.765625,0.703125,0.6044754385948181
21-02-1996,0.703125,0.703125,70400,0.71875,0.703125,0.6044754385948181
22-02-1996,0.625,0.765625,352000,0.765625,0.6640629768371582,0.5708937048912048
23-02-1996,0.625,0.671875,1764800,0.671875,0.671875,0.5776098370552063
26-02-1996,0.625,0.671875,457600,0.671875,0.671875,0.5776098370552063
27-02-1996,0.625,0.625,57600,0.671875,0.671875,0.5776098370552063
28-02-1996,0.671875,0.6875,424000,0.703125,0.6953129768371582,0.5977593660354614
29-02-1996,0.6484379768371582,0.703125,3638400,0.703125,0.671875,0.5776098370552063
01-03-1996,0.65625,0.65625,312000,0.71875,0.65625,0.5641770958900452
04-03-1996,0.6953129768371582,0.71875,860800,0.75,0.7265629768371582,0.6246249675750732
05-03-1996,0.703125,0.7421879768371582,123200,0.75,0.7421879768371582,0.6380578279495239
06-03-1996,0.734375,0.7421879768371582,3032000,0.75,0.75,0.6447737216949463
07-03-1996,0.734375,0.75,1787200,0.75,0.7421879768371582,0.6380578279495239
08-03-1996,0.734375,0.734375,702400,0.75,0.7421879768371582,0.6380578279495239
11-03-1996,0.703125,0.703125,56000,0.75,0.75,0.6447737216949463
12-03-1996,0.7109379768371582,0.75,288000,0.75,0.75,0.6447737216949463
13-03-1996,0.7109379768371582,0.7109379768371582,1992000,0.75,0.75,0.6447737216949463
14-03-1996,0.703125,0.75,217600,0.75,0.71875,0.6179084181785583
15-03-1996,0.703125,0.75,588800,0.75,0.734375,0.6313410401344299
18-03-1996,0.703125,0.7265629768371582,737600,0.75,0.703125,0.6044754385948181
19-03-1996,0.703125,0.703125,102400,0.75,0.75,0.6447737216949463
20-03-1996,0.734375,0.734375,755200,0.75,0.75,0.6447737216949463
21-03-1996,0.703125,0.75,1276800,0.859375,0.859375,0.7388032078742981
22-03-1996,0.828125,0.859375,1144000,0.890625,0.890625,0.7656688094139099
25-03-1996,0.828125,0.890625,2024000,0.890625,0.828125,0.7119377851486206
26-03-1996,0.828125,0.828125,164800,0.875,0.8515629768371582,0.7320873141288757
27-03-1996,0.828125,0.875,1656000,0.875,0.875,0.7522361874580383
28-03-1996,0.84375,0.875,224000,0.875,0.875,0.7522361874580383
29-03-1996,0.828125,0.875,115200,0.875,0.828125,0.7119377851486206
01-04-1996,0.828125,0.8359379768371582,864000,0.875,0.875,0.7522361874580383
02-04-1996,0.828125,0.875,120000,0.875,0.828125,0.7119377851486206
03-04-1996,0.828125,0.890625,76800,0.890625,0.875,0.7522361874580383
04-04-1996,0.828125,0.875,184000,0.875,0.828125,0.7119377851486206
08-04-1996,0.828125,0.890625,19200,0.890625,0.875,0.7522361874580383
09-04-1996,0.828125,0.875,217600,0.890625,0.828125,0.7119377851486206
10-04-1996,0.828125,0.8359379768371582,1478400,0.875,0.875,0.7522361874580383
11-04-1996,0.84375,0.875,1067200,0.890625,0.890625,0.7656688094139099
12-04-1996,0.875,0.890625,281600,0.90625,0.90625,0.7791017293930054
15-04-1996,0.859375,0.90625,43200,0.90625,0.859375,0.7388032078742981
16-04-1996,0.859375,0.859375,172800,0.90625,0.8828129768371582,0.7589529752731323
17-04-1996,0.8828129768371582,0.8828129768371582,0,0.8828129768371582,0.8828129768371582,0.7589529752731323
18-04-1996,0.859375,0.859375,30400,0.859375,0.859375,0.7388032078742981
19-04-1996,0.84375,0.90625,156800,0.90625,0.84375,0.7253703474998474
22-04-1996,0.84375,0.90625,91200,0.90625,0.84375,0.7253703474998474
23-04-1996,0.84375,0.90625,76800,0.90625,0.90625,0.7791017293930054
24-04-1996,0.84375,0.84375,20800,0.90625,0.90625,0.7791017293930054
25-04-1996,0.84375,0.84375,142400,0.890625,0.84375,0.7253703474998474
26-04-1996,0.78125,0.875,544000,0.875,0.78125,0.6716392636299133
29-04-1996,0.796875,0.84375,108800,0.859375,0.859375,0.7388032078742981
30-04-1996,0.78125,0.859375,193600,0.859375,0.78125,0.6716392636299133
01-05-1996,0.78125,0.828125,1603200,0.828125,0.78125,0.6716392636299133
02-05-1996,0.78125,0.78125,529600,0.828125,0.78125,0.6716392636299133
03-05-1996,0.78125,0.78125,54400,0.828125,0.828125,0.7119377851486206
06-05-1996,0.78125,0.828125,137600,0.828125,0.8046879768371582,0.6917890310287476
07-05-1996,0.78125,0.828125,192000,0.828125,0.78125,0.6716392636299133
08-05-1996,0.78125,0.78125,184000,0.84375,0.8359379768371582,0.718654453754425
09-05-1996,0.796875,0.84375,65600,0.84375,0.84375,0.7253703474998474
10-05-1996,0.828125,0.84375,155200,0.859375,0.84375,0.7253703474998474
13-05-1996,0.875,0.890625,254400,0.9375,0.9375,0.8059672713279724
14-05-1996,0.875,0.875,404800,0.9375,0.9375,0.8059672713279724
15-05-1996,0.890625,0.890625,875200,1.0,1.0,0.8596983551979065
16-05-1996,0.9375,0.9375,86400,1.0,1.0,0.8596983551979065
17-05-1996,1.0,1.0,334400,1.109375,1.109375,0.9537278413772583
20-05-1996,1.03125,1.0625,240000,1.0703129768371582,1.0703129768371582,0.9201462864875793
21-05-1996,1.03125,1.03125,467200,1.078125,1.0390629768371582,0.8932806849479675
22-05-1996,1.0234379768371582,1.03125,700800,1.078125,1.078125,0.9268620610237122
23-05-1996,1.078125,1.078125,0,1.078125,1.078125,0.9268620610237122
24-05-1996,1.015625,1.015625,268800,1.078125,1.03125,0.886563777923584
28-05-1996,1.015625,1.03125,350400,1.078125,1.0625,0.9134296178817749
29-05-1996,1.015625,1.015625,99200,1.015625,1.015625,0.8731311559677124
30-05-1996,1.078125,1.078125,1600,1.078125,1.078125,0.9268620610237122
31-05-1996,1.015625,1.015625,57600,1.078125,1.078125,0.9268620610237122
03-06-1996,1.015625,1.078125,6400,1.078125,1.078125,0.9268620610237122
04-06-1996,1.015625,1.078125,44800,1.078125,1.015625,0.8731311559677124
05-06-1996,1.015625,1.015625,763200,1.03125,1.03125,0.886563777923584
06-06-1996,1.015625,1.015625,17600,1.0625,1.0625,0.9134296178817749
07-06-1996,0.9375,1.0,204800,1.0,0.953125,0.8193999528884888
10-06-1996,0.953125,0.984375,182400,1.0,0.953125,0.8193999528884888
11-06-1996,0.90625,0.96875,660800,0.96875,0.90625,0.7791017293930054
12-06-1996,0.953125,0.953125,9472000,1.125,1.0,0.8596983551979065
13-06-1996,1.015625,1.0625,1057600,1.078125,1.015625,0.8731311559677124
14-06-1996,1.015625,1.078125,41600,1.078125,1.015625,0.8731311559677124
17-06-1996,1.015625,1.015625,424000,1.0625,1.0625,0.9134296178817749
18-06-1996,1.015625,1.078125,94400,1.078125,1.015625,0.8731311559677124
19-06-1996,1.015625,1.078125,54400,1.078125,1.015625,0.8731311559677124
20-06-1996,1.0,1.015625,187200,1.046875,1.0,0.8596983551979065
21-06-1996,1.0,1.046875,57600,1.046875,1.046875,0.899996817111969
24-06-1996,1.0,1.0,54400,1.046875,1.046875,0.899996817111969
25-06-1996,1.0,1.0,43200,1.0,1.0,0.8596983551979065
26-06-1996,1.0,1.0,112000,1.046875,1.0,0.8596983551979065
27-06-1996,1.0,1.046875,91200,1.046875,1.0,0.8596983551979065
28-06-1996,0.96875,1.0,348800,1.0390629768371582,0.96875,0.8328326940536499
01-07-1996,0.96875,1.015625,515200,1.015625,1.015625,0.8731311559677124
02-07-1996,0.984375,0.984375,99200,1.03125,1.03125,0.886563777923584
03-07-1996,0.984375,0.984375,3200,0.984375,0.984375,0.8462655544281006
05-07-1996,1.046875,1.046875,1600,1.046875,1.046875,0.899996817111969
08-07-1996,1.046875,1.046875,0,1.046875,1.046875,0.899996817111969
09-07-1996,1.015625,1.0625,729600,1.0625,1.015625,0.8731311559677124
10-07-1996,1.015625,1.015625,409600,1.0390629768371582,1.0390629768371582,0.8932806849479675
11-07-1996,1.0,1.0625,123200,1.0625,1.0625,0.9134296178817749
12-07-1996,1.0625,1.0625,3200,1.0625,1.0625,0.9134296178817749
15-07-1996,1.0,1.0625,168000,1.0625,1.0625,0.9134296178817749
16-07-1996,1.0,1.0,132800,1.0625,1.0,0.8596983551979065
17-07-1996,1.0,1.0625,118400,1.0625,1.0,0.8596983551979065
18-07-1996,1.0,1.0625,203200,1.0625,1.0625,0.9134296178817749
19-07-1996,1.0625,1.0625,8000,1.0625,1.0625,0.9134296178817749
22-07-1996,1.0,1.0,67200,1.046875,1.046875,0.899996817111969
23-07-1996,0.96875,1.0,64000,1.015625,0.96875,0.8328326940536499
24-07-1996,0.921875,0.96875,244800,0.96875,0.96875,0.8328326940536499
25-07-1996,0.9375,0.96875,251200,0.96875,0.96875,0.8328326940536499
26-07-1996,0.9375,0.9375,11200,0.984375,0.9375,0.8059672713279724
29-07-1996,0.984375,0.984375,14400,0.984375,0.984375,0.8462655544281006
30-07-1996,0.9453129768371582,0.984375,113600,0.984375,0.9453129768371582,0.8126841187477112
31-07-1996,1.0,1.0,1600,1.0,1.0,0.8596983551979065
01-08-1996,0.9375,1.0,139200,1.0,1.0,0.8596983551979065
02-08-1996,0.9375,1.0,81600,1.0,1.0,0.8596983551979065
05-08-1996,1.0,1.0,3200,1.0,1.0,0.8596983551979065
06-08-1996,0.9375,1.0,275200,1.0,0.96875,0.8328326940536499
07-08-1996,0.9375,1.0,36800,1.0,0.984375,0.8462655544281006
08-08-1996,0.90625,0.9375,200000,0.96875,0.90625,0.7791017293930054
09-08-1996,0.921875,0.921875,2104000,1.03125,1.0234379768371582,0.8798480033874512
12-08-1996,0.96875,1.03125,91200,1.03125,1.03125,0.886563777923584
13-08-1996,1.0,1.0625,232000,1.0625,1.0625,0.9134296178817749
14-08-1996,1.03125,1.0625,443200,1.09375,1.078125,0.9268620610237122
15-08-1996,1.0546879768371582,1.0546879768371582,363200,1.1328129768371582,1.1328129768371582,0.9738775491714478
16-08-1996,1.125,1.125,1428800,1.21875,1.21875,1.047757625579834
19-08-1996,1.203125,1.21875,1235200,1.328125,1.265625,1.0880557298660278
20-08-1996,1.234375,1.328125,886400,1.328125,1.296875,1.1149215698242188
21-08-1996,1.234375,1.28125,558400,1.28125,1.234375,1.061190128326416
22-08-1996,1.234375,1.234375,601600,1.25,1.25,1.0746231079101562
23-08-1996,1.1875,1.234375,1131200,1.25,1.191406011581421,1.0242499113082886
26-08-1996,1.1875,1.234375,132800,1.234375,1.234375,1.061190128326416
27-08-1996,1.1875,1.1875,121600,1.1875,1.1875,1.0208919048309326
28-08-1996,1.1875,1.1875,33600,1.234375,1.2265629768371582,1.054474115371704
29-08-1996,1.1875,1.1875,70400,1.234375,1.234375,1.061190128326416
30-08-1996,1.203125,1.203125,8000,1.203125,1.203125,1.0343247652053833
03-09-1996,1.203125,1.203125,1928000,1.265625,1.234375,1.061190128326416
04-09-1996,1.203125,1.25,9600,1.25,1.203125,1.0343247652053833
05-09-1996,1.203125,1.203125,80000,1.265625,1.21875,1.047757625579834
06-09-1996,1.265625,1.265625,4800,1.265625,1.265625,1.0880557298660278
09-09-1996,1.203125,1.203125,393600,1.296875,1.296875,1.1149215698242188
10-09-1996,1.234375,1.296875,374400,1.296875,1.234375,1.061190128326416
11-09-1996,1.234375,1.296875,17600,1.296875,1.234375,1.061190128326416
12-09-1996,1.234375,1.296875,6400,1.296875,1.234375,1.061190128326416
13-09-1996,1.234375,1.296875,54400,1.296875,1.234375,1.061190128326416
16-09-1996,1.234375,1.234375,84800,1.296875,1.296875,1.1149215698242188
17-09-1996,1.234375,1.296875,17600,1.296875,1.234375,1.061190128326416
18-09-1996,1.234375,1.234375,41600,1.25,1.25,1.0746231079101562
19-09-1996,1.234375,1.25,792000,1.296875,1.296875,1.1149215698242188
20-09-1996,1.234375,1.234375,48000,1.234375,1.234375,1.061190128326416
23-09-1996,1.234375,1.296875,65600,1.296875,1.234375,1.061190128326416
24-09-1996,1.234375,1.234375,1225600,1.28125,1.234375,1.061190128326416
25-09-1996,1.234375,1.234375,32000,1.28125,1.234375,1.061190128326416
26-09-1996,1.234375,1.234375,9600,1.234375,1.234375,1.061190128326416
27-09-1996,1.234375,1.234375,20800,1.2734379768371582,1.234375,1.061190128326416
30-09-1996,1.234375,1.234375,28800,1.234375,1.234375,1.061190128326416
01-10-1996,1.234375,1.234375,51200,1.28125,1.28125,1.101488709449768
02-10-1996,1.234375,1.234375,80000,1.2421879768371582,1.234375,1.061190128326416
03-10-1996,1.21875,1.234375,345600,1.28125,1.21875,1.047757625579834
04-10-1996,1.21875,1.21875,96000,1.265625,1.265625,1.0880557298660278
07-10-1996,1.21875,1.21875,75200,1.21875,1.21875,1.047757625579834
08-10-1996,1.21875,1.21875,51200,1.21875,1.21875,1.047757625579834
09-10-1996,1.203125,1.203125,454400,1.25,1.203125,1.0343247652053833
10-10-1996,1.203125,1.25,126400,1.25,1.203125,1.0343247652053833
11-10-1996,1.203125,1.203125,9600,1.203125,1.203125,1.0343247652053833
14-10-1996,1.203125,1.203125,57600,1.25,1.25,1.0746231079101562
15-10-1996,1.203125,1.203125,264000,1.25,1.203125,1.0343247652053833
16-10-1996,1.203125,1.203125,334400,1.25,1.203125,1.0343247652053833
17-10-1996,1.0625,1.1875,3145600,1.21875,1.140625,0.9805935025215149
18-10-1996,1.09375,1.09375,97600,1.09375,1.09375,0.9402952194213867
21-10-1996,1.046875,1.09375,294400,1.140625,1.046875,0.899996817111969
22-10-1996,1.046875,1.109375,2299200,1.109375,1.046875,0.899996817111969
23-10-1996,1.046875,1.09375,582400,1.109375,1.109375,0.9537278413772583
24-10-1996,1.015625,1.109375,3331200,1.109375,1.078125,0.9268620610237122
25-10-1996,1.03125,1.078125,33600,1.078125,1.078125,0.9268620610237122
28-10-1996,1.03125,1.03125,44800,1.0625,1.0625,0.9134296178817749
29-10-1996,1.0,1.0625,433600,1.09375,1.046875,0.899996817111969
30-10-1996,1.0,1.0,112000,1.046875,1.0,0.8596983551979065
31-10-1996,1.0,1.0,203200,1.0625,1.046875,0.899996817111969
01-11-1996,1.015625,1.015625,185600,1.0625,1.046875,0.899996817111969
04-11-1996,1.015625,1.0625,2108800,1.0625,1.0625,0.9134296178817749
05-11-1996,1.015625,1.015625,49600,1.015625,1.015625,0.8731311559677124
06-11-1996,1.0625,1.0625,128000,1.09375,1.09375,0.9402952194213867
07-11-1996,1.0625,1.09375,524800,1.109375,1.078125,0.9268620610237122
08-11-1996,1.078125,1.125,507200,1.203125,1.140625,0.9805935025215149
11-11-1996,1.140625,1.140625,126400,1.203125,1.1875,1.0208919048309326
12-11-1996,1.078125,1.140625,206400,1.15625,1.078125,0.9268620610237122
13-11-1996,1.078125,1.078125,128000,1.140625,1.125,0.9671608209609985
14-11-1996,1.046875,1.078125,91200,1.078125,1.0605469942092896,0.9117506742477417
15-11-1996,1.046875,1.1015629768371582,70400,1.109375,1.046875,0.899996817111969
18-11-1996,1.046875,1.0546879768371582,195200,1.109375,1.109375,0.9537278413772583
19-11-1996,1.0625,1.109375,374400,1.1875,1.125,0.9671608209609985
20-11-1996,1.15625,1.1875,40000,1.1875,1.1875,1.0208919048309326
21-11-1996,1.109375,1.125,40000,1.140625,1.109375,0.9537278413772583
22-11-1996,1.109375,1.171875,142400,1.171875,1.15625,0.9940260648727417
25-11-1996,1.171875,1.171875,36800,1.171875,1.171875,1.0074584484100342
26-11-1996,1.109375,1.171875,44800,1.171875,1.109375,0.9537278413772583
27-11-1996,1.15625,1.171875,99200,1.171875,1.1640629768371582,1.0007432699203491
29-11-1996,1.171875,1.171875,30400,1.171875,1.171875,1.0074584484100342
02-12-1996,1.109375,1.109375,14400,1.171875,1.171875,1.0074584484100342
03-12-1996,1.171875,1.171875,4800,1.171875,1.171875,1.0074584484100342
04-12-1996,1.125,1.171875,152000,1.21875,1.203125,1.0343247652053833
05-12-1996,1.203125,1.203125,0,1.203125,1.203125,1.0343247652053833
06-12-1996,1.1640629768371582,1.171875,262400,1.203125,1.171875,1.0074584484100342
09-12-1996,1.171875,1.171875,19200,1.234375,1.171875,1.0074584484100342
10-12-1996,1.1875,1.1875,57600,1.234375,1.234375,1.061190128326416
11-12-1996,1.171875,1.171875,150400,1.234375,1.1875,1.0208919048309326
12-12-1996,1.171875,1.234375,20800,1.234375,1.171875,1.0074584484100342
13-12-1996,1.171875,1.171875,88000,1.234375,1.234375,1.061190128326416
16-12-1996,1.171875,1.171875,30400,1.171875,1.171875,1.0074584484100342
17-12-1996,1.171875,1.171875,459200,1.234375,1.234375,1.061190128326416
18-12-1996,1.25,1.25,758400,1.359375,1.3125,1.1283541917800903
19-12-1996,1.3125,1.359375,113600,1.359375,1.3125,1.1283541917800903
20-12-1996,1.3125,1.3125,43200,1.375,1.375,1.182085394859314
23-12-1996,1.375,1.375,465600,1.4375,1.375,1.182085394859314
24-12-1996,1.375,1.375,110400,1.4375,1.4375,1.2358168363571167
26-12-1996,1.375,1.375,36800,1.4375,1.375,1.182085394859314
27-12-1996,1.375,1.375,84800,1.4375,1.375,1.182085394859314
30-12-1996,1.375,1.4375,46400,1.4375,1.375,1.182085394859314
31-12-1996,1.375,1.40625,36800,1.40625,1.375,1.182085394859314
02-01-1997,1.34375,1.375,449600,1.40625,1.34375,1.1552196741104126
03-01-1997,1.296875,1.34375,510400,1.375,1.34375,1.1552196741104126
06-01-1997,1.265625,1.296875,392000,1.359375,1.265625,1.0880557298660278
07-01-1997,1.25,1.25,654400,1.296875,1.296875,1.1149215698242188
08-01-1997,1.25,1.296875,3246400,1.296875,1.296875,1.1149215698242188
09-01-1997,1.25,1.296875,94400,1.296875,1.296875,1.1149215698242188
10-01-1997,1.25,1.296875,331200,1.375,1.375,1.182085394859314
13-01-1997,1.359375,1.421875,1321600,1.421875,1.359375,1.1686522960662842
14-01-1997,1.359375,1.40625,256000,1.4375,1.4375,1.2358168363571167
15-01-1997,1.40625,1.453125,123200,1.46875,1.40625,1.2089508771896362
16-01-1997,1.40625,1.46875,102400,1.46875,1.453125,1.2492492198944092
17-01-1997,1.390625,1.453125,164800,1.453125,1.390625,1.1955180168151855
20-01-1997,1.375,1.421875,92800,1.421875,1.375,1.182085394859314
21-01-1997,1.34375,1.421875,134400,1.421875,1.390625,1.1955180168151855
22-01-1997,1.34375,1.390625,35200,1.390625,1.390625,1.1955180168151855
23-01-1997,1.34375,1.34375,544000,1.421875,1.4140629768371582,1.2156676054000854
24-01-1997,1.359375,1.40625,14400,1.40625,1.359375,1.1686522960662842
27-01-1997,1.359375,1.40625,6400,1.40625,1.359375,1.1686522960662842
28-01-1997,1.359375,1.359375,0,1.359375,1.359375,1.1686522960662842
29-01-1997,1.359375,1.40625,27200,1.40625,1.40625,1.2089508771896362
30-01-1997,1.40625,1.40625,20800,1.40625,1.40625,1.2089508771896362
31-01-1997,1.3671879768371582,1.40625,36800,1.40625,1.3671879768371582,1.175369381904602
03-02-1997,1.359375,1.40625,769600,1.40625,1.40625,1.2089508771896362
04-02-1997,1.375,1.40625,366400,1.46875,1.40625,1.2089508771896362
05-02-1997,1.4375,1.46875,1065600,1.484375,1.484375,1.276114821434021
06-02-1997,1.4375,1.46875,588800,1.515625,1.515625,1.3029805421829224
07-02-1997,1.5,1.546875,256000,1.546875,1.5,1.2895474433898926
10-02-1997,1.5,1.5625,356800,1.5625,1.5,1.2895474433898926
11-02-1997,1.421875,1.546875,347200,1.546875,1.453125,1.2492492198944092
12-02-1997,1.40625,1.40625,116800,1.46875,1.46875,1.2626820802688599
13-02-1997,1.40625,1.46875,227200,1.46875,1.46875,1.2626820802688599
14-02-1997,1.40625,1.40625,126400,1.46875,1.40625,1.2089508771896362
18-02-1997,1.40625,1.4375,108800,1.4375,1.4375,1.2358168363571167
19-02-1997,1.40625,1.4375,43200,1.4375,1.40625,1.2089508771896362
20-02-1997,1.34375,1.40625,131200,1.4375,1.3984379768371582,1.2022351026535034
21-02-1997,1.34375,1.40625,46400,1.40625,1.34375,1.1552196741104126
24-02-1997,1.328125,1.328125,86400,1.34375,1.34375,1.1552196741104126
25-02-1997,1.328125,1.390625,32000,1.390625,1.328125,1.1417864561080933
26-02-1997,1.296875,1.328125,97600,1.34375,1.296875,1.1149215698242188
27-02-1997,1.21875,1.296875,216000,1.3125,1.21875,1.047757625579834
28-02-1997,1.21875,1.21875,100800,1.28125,1.21875,1.047757625579834
03-03-1997,1.21875,1.21875,124800,1.28125,1.234375,1.061190128326416
04-03-1997,1.28125,1.28125,6400,1.28125,1.28125,1.101488709449768
05-03-1997,1.234375,1.28125,920000,1.28125,1.2578129768371582,1.081339955329895
06-03-1997,1.234375,1.28125,113600,1.296875,1.25,1.0746231079101562
07-03-1997,1.25,1.265625,537600,1.296875,1.25,1.0746231079101562
10-03-1997,1.234375,1.25,928000,1.296875,1.234375,1.061190128326416
11-03-1997,1.234375,1.234375,72000,1.296875,1.234375,1.061190128326416
12-03-1997,1.234375,1.234375,128000,1.265625,1.234375,1.061190128326416
13-03-1997,1.234375,1.234375,35200,1.234375,1.234375,1.061190128326416
14-03-1997,1.234375,1.234375,531200,1.2871090173721313,1.265625,1.0880557298660278
17-03-1997,1.1875,1.234375,308800,1.296875,1.1875,1.0208919048309326
18-03-1997,1.1015629768371582,1.1875,377600,1.25,1.15625,0.9940260648727417
19-03-1997,1.09375,1.15625,104000,1.15625,1.109375,0.9537278413772583
20-03-1997,1.125,1.1875,54400,1.1875,1.125,0.9671608209609985
21-03-1997,1.078125,1.1875,385600,1.1875,1.09375,0.9402952194213867
24-03-1997,1.09375,1.09375,62400,1.09375,1.09375,0.9402952194213867
25-03-1997,1.09375,1.15625,59200,1.15625,1.125,0.9671608209609985
26-03-1997,1.09375,1.125,70400,1.125,1.09375,0.9402952194213867
27-03-1997,1.09375,1.15625,192000,1.15625,1.140625,0.9805935025215149
31-03-1997,1.09375,1.09375,73600,1.09375,1.09375,0.9402952194213867
01-04-1997,1.046875,1.09375,262400,1.15625,1.0625,0.9134296178817749
02-04-1997,1.046875,1.109375,32000,1.109375,1.109375,0.9537278413772583
03-04-1997,1.046875,1.046875,244800,1.109375,1.0625,0.9134296178817749
04-04-1997,1.078125,1.125,49600,1.125,1.09375,0.9402952194213867
07-04-1997,1.140625,1.140625,16000,1.140625,1.140625,0.9805935025215149
08-04-1997,1.1171879768371582,1.140625,51200,1.140625,1.1171879768371582,0.9604446887969971
09-04-1997,1.09375,1.140625,113600,1.15625,1.09375,0.9402952194213867
10-04-1997,1.109375,1.109375,60800,1.15625,1.15625,0.9940260648727417
11-04-1997,1.109375,1.109375,59200,1.15625,1.15625,0.9940260648727417
14-04-1997,1.109375,1.109375,65600,1.15625,1.125,0.9671608209609985
15-04-1997,1.109375,1.109375,19200,1.109375,1.109375,0.9537278413772583
16-04-1997,1.109375,1.109375,9600,1.109375,1.109375,0.9537278413772583
17-04-1997,1.1328129768371582,1.1542969942092896,107200,1.171875,1.171875,1.0074584484100342
18-04-1997,1.109375,1.109375,17600,1.109375,1.109375,0.9537278413772583
21-04-1997,1.1328129768371582,1.171875,595200,1.171875,1.140625,0.9805935025215149
22-04-1997,1.109375,1.140625,88000,1.15625,1.109375,0.9537278413772583
23-04-1997,1.03125,1.109375,329600,1.125,1.078125,0.9268620610237122
24-04-1997,1.03125,1.03125,78400,1.078125,1.078125,0.9268620610237122
25-04-1997,1.0703129768371582,1.0703129768371582,297600,1.09375,1.09375,0.9402952194213867
28-04-1997,1.0625,1.09375,264000,1.125,1.125,0.9671608209609985
29-04-1997,1.125,1.125,0,1.125,1.125,0.9671608209609985
30-04-1997,1.0625,1.0625,126400,1.125,1.09375,0.9402952194213867
01-05-1997,1.09375,1.125,448000,1.140625,1.09375,0.9402952194213867
02-05-1997,1.125,1.140625,148800,1.1621090173721313,1.125,0.9671608209609985
05-05-1997,1.2109379768371582,1.21875,257600,1.296875,1.25,1.0746231079101562
06-05-1997,1.265625,1.296875,41600,1.328125,1.265625,1.0880557298660278
07-05-1997,1.265625,1.3125,139200,1.3125,1.265625,1.0880557298660278
08-05-1997,1.265625,1.265625,11200,1.265625,1.265625,1.0880557298660278
09-05-1997,1.25,1.265625,36800,1.3125,1.3125,1.1283541917800903
12-05-1997,1.25,1.25,40000,1.3125,1.296875,1.1149215698242188
13-05-1997,1.234375,1.234375,289600,1.265625,1.265625,1.0880557298660278
14-05-1997,1.234375,1.296875,81600,1.296875,1.296875,1.1149215698242188
15-05-1997,1.25,1.296875,19200,1.296875,1.25,1.0746231079101562
16-05-1997,1.2421879768371582,1.265625,561600,1.296875,1.265625,1.0880557298660278
19-05-1997,1.234375,1.296875,38400,1.296875,1.296875,1.1149215698242188
20-05-1997,1.234375,1.25,452800,1.296875,1.2890629768371582,1.1082054376602173
21-05-1997,1.234375,1.234375,11200,1.296875,1.25,1.0746231079101562
22-05-1997,1.265625,1.296875,275200,1.296875,1.296875,1.1149215698242188
23-05-1997,1.25,1.296875,107200,1.296875,1.25,1.0746231079101562
27-05-1997,1.25,1.296875,252800,1.296875,1.296875,1.1149215698242188
28-05-1997,1.25,1.25,425600,1.328125,1.3125,1.1283541917800903
29-05-1997,1.28125,1.328125,118400,1.328125,1.296875,1.1149215698242188
30-05-1997,1.3125,1.3125,16000,1.3125,1.3125,1.1283541917800903
02-06-1997,1.265625,1.28125,8000,1.28125,1.2734379768371582,1.0947725772857666
03-06-1997,1.265625,1.265625,606400,1.421875,1.375,1.182085394859314
04-06-1997,1.375,1.4375,259200,1.46875,1.46875,1.2626820802688599
05-06-1997,1.40625,1.46875,56000,1.46875,1.46875,1.2626820802688599
06-06-1997,1.421875,1.421875,731200,1.4453129768371582,1.4375,1.2358168363571167
09-06-1997,1.40625,1.40625,81600,1.46875,1.421875,1.2223836183547974
10-06-1997,1.4375,1.46875,761600,1.46875,1.46875,1.2626820802688599
11-06-1997,1.4375,1.46875,940800,1.484375,1.484375,1.276114821434021
12-06-1997,1.46875,1.46875,1571200,1.484375,1.484375,1.276114821434021
13-06-1997,1.4375,1.4375,24000,1.46875,1.4375,1.2358168363571167
16-06-1997,1.453125,1.46875,249600,1.5,1.453125,1.2492492198944092
17-06-1997,1.453125,1.453125,496000,1.484375,1.484375,1.276114821434021
18-06-1997,1.453125,1.453125,17600,1.453125,1.453125,1.2492492198944092
19-06-1997,1.46875,1.515625,246400,1.515625,1.484375,1.276114821434021
20-06-1997,1.453125,1.453125,27200,1.5,1.453125,1.2492492198944092
23-06-1997,1.453125,1.453125,294400,1.515625,1.484375,1.276114821434021
24-06-1997,1.453125,1.453125,169600,1.4921879768371582,1.4921879768371582,1.2828314304351807
25-06-1997,1.4921879768371582,1.4921879768371582,0,1.4921879768371582,1.4921879768371582,1.2828314304351807
26-06-1997,1.515625,1.515625,17600,1.515625,1.515625,1.3029805421829224
27-06-1997,1.453125,1.453125,16000,1.453125,1.453125,1.2492492198944092
30-06-1997,1.46875,1.515625,70400,1.515625,1.515625,1.3029805421829224
01-07-1997,1.46875,1.46875,3560000,1.515625,1.46875,1.2626820802688599
02-07-1997,1.46875,1.46875,11200,1.46875,1.46875,1.2626820802688599
03-07-1997,1.46875,1.515625,41600,1.515625,1.46875,1.2626820802688599
07-07-1997,1.46875,1.46875,332800,1.5078129768371582,1.46875,1.2626820802688599
08-07-1997,1.46875,1.46875,368000,1.515625,1.5078129768371582,1.2962642908096313
09-07-1997,1.46875,1.46875,550400,1.5,1.5,1.2895474433898926
10-07-1997,1.46875,1.46875,83200,1.46875,1.46875,1.2626820802688599
11-07-1997,1.46875,1.46875,30400,1.46875,1.46875,1.2626820802688599
14-07-1997,1.46875,1.46875,913600,1.5,1.5,1.2895474433898926
15-07-1997,1.46875,1.5,153600,1.53125,1.5,1.2895474433898926
16-07-1997,1.46875,1.46875,28800,1.5234379768371582,1.46875,1.2626820802688599
17-07-1997,1.46875,1.46875,40000,1.53125,1.4921879768371582,1.2828314304351807
18-07-1997,1.46875,1.46875,649600,1.5097659826278687,1.46875,1.2626820802688599
21-07-1997,1.46875,1.46875,134400,1.5625,1.5625,1.3432785272598267
22-07-1997,1.5,1.5625,193600,1.5625,1.5625,1.3432785272598267
23-07-1997,1.5,1.5078129768371582,48000,1.5625,1.5625,1.3432785272598267
24-07-1997,1.5,1.5,278400,1.5625,1.5625,1.3432785272598267
25-07-1997,1.5,1.5,342400,1.5625,1.5234379768371582,1.309697151184082
28-07-1997,1.5,1.5,139200,1.5625,1.5,1.2895474433898926
29-07-1997,1.5,1.5625,680000,1.5625,1.5625,1.3432785272598267
30-07-1997,1.5,1.5625,2000000,1.5625,1.5,1.2895474433898926
31-07-1997,1.5,1.5625,36800,1.5625,1.5,1.2895474433898926
01-08-1997,1.5,1.5625,33600,1.5625,1.5,1.2895474433898926
04-08-1997,1.5,1.5625,33600,1.5625,1.5,1.2895474433898926
05-08-1997,1.5,1.5625,705600,1.5625,1.5,1.2895474433898926
06-08-1997,1.5,1.5625,22400,1.5625,1.5,1.2895474433898926
07-08-1997,1.5,1.5625,912000,1.5625,1.5625,1.3432785272598267
08-08-1997,1.5625,1.5625,724800,1.703125,1.6875,1.4507406949996948
11-08-1997,1.609375,1.71875,860800,1.75,1.640625,1.4104427099227905
12-08-1997,1.609375,1.640625,179200,1.671875,1.65625,1.4238755702972412
13-08-1997,1.515625,1.671875,228800,1.671875,1.578125,1.356711745262146
14-08-1997,1.53125,1.53125,1750400,1.59375,1.59375,1.370144248008728
15-08-1997,1.53125,1.53125,820800,1.5625,1.5625,1.3432785272598267
18-08-1997,1.53125,1.53125,1065600,1.5546879768371582,1.5546879768371582,1.3365626335144043
19-08-1997,1.53125,1.5625,134400,1.5625,1.53125,1.3164130449295044
20-08-1997,1.53125,1.53125,443200,1.59375,1.59375,1.370144248008728
21-08-1997,1.546875,1.5625,1768000,1.59375,1.546875,1.3298461437225342
22-08-1997,1.53125,1.53125,128000,1.59375,1.53125,1.3164130449295044
25-08-1997,1.53125,1.5625,81600,1.5625,1.53125,1.3164130449295044
26-08-1997,1.53125,1.59375,120000,1.59375,1.53125,1.3164130449295044
27-08-1997,1.53125,1.59375,62400,1.59375,1.53125,1.3164130449295044
28-08-1997,1.53125,1.578125,8000,1.578125,1.53125,1.3164130449295044
29-08-1997,1.53125,1.53125,256000,1.5546879768371582,1.53125,1.3164130449295044
02-09-1997,1.53125,1.53125,41600,1.578125,1.578125,1.356711745262146
03-09-1997,1.53125,1.578125,158400,1.578125,1.5625,1.3432785272598267
04-09-1997,1.53125,1.53125,102400,1.59375,1.59375,1.370144248008728
05-09-1997,1.53125,1.59375,28800,1.59375,1.53125,1.3164130449295044
08-09-1997,1.53125,1.59375,36800,1.59375,1.5625,1.3432785272598267
09-09-1997,1.53125,1.53125,1470400,1.59375,1.5625,1.3432785272598267
10-09-1997,1.546875,1.578125,121600,1.609375,1.609375,1.3835771083831787
11-09-1997,1.609375,1.609375,0,1.609375,1.609375,1.3835771083831787
12-09-1997,1.546875,1.609375,41600,1.609375,1.609375,1.3835771083831787
15-09-1997,1.609375,1.609375,3200,1.609375,1.609375,1.3835771083831787
16-09-1997,1.546875,1.546875,38400,1.609375,1.609375,1.3835771083831787
17-09-1997,1.546875,1.609375,49600,1.609375,1.609375,1.3835771083831787
18-09-1997,1.609375,1.609375,19200,1.609375,1.609375,1.3835771083831787
19-09-1997,1.5703129768371582,1.609375,352000,1.609375,1.578125,1.356711745262146
22-09-1997,1.546875,1.609375,163200,1.609375,1.5625,1.3432785272598267
23-09-1997,1.546875,1.546875,596800,1.609375,1.5859379768371582,1.3634282350540161
24-09-1997,1.578125,1.5859379768371582,2078400,1.609375,1.59375,1.370144248008728
25-09-1997,1.578125,1.609375,145600,1.609375,1.578125,1.356711745262146
26-09-1997,1.578125,1.609375,121600,1.609375,1.578125,1.356711745262146
29-09-1997,1.59375,1.609375,1992000,1.609375,1.609375,1.3835771083831787
30-09-1997,1.59375,1.625,142400,1.625,1.625,1.3970096111297607
01-10-1997,1.59375,1.625,451200,1.625,1.59375,1.370144248008728
02-10-1997,1.59375,1.59375,116800,1.625,1.59375,1.370144248008728
03-10-1997,1.59375,1.625,104000,1.625,1.609375,1.3835771083831787
06-10-1997,1.59375,1.625,36800,1.625,1.59375,1.370144248008728
07-10-1997,1.59375,1.59375,19200,1.625,1.625,1.3970096111297607
08-10-1997,1.59375,1.59375,3200,1.59375,1.59375,1.370144248008728
09-10-1997,1.59375,1.59375,20800,1.59375,1.59375,1.370144248008728
10-10-1997,1.59375,1.625,56000,1.625,1.59375,1.370144248008728
13-10-1997,1.59375,1.59375,100800,1.625,1.625,1.3970096111297607
14-10-1997,1.59375,1.625,1068800,1.625,1.625,1.3970096111297607
15-10-1997,1.59375,1.59375,260800,1.625,1.609375,1.3835771083831787
16-10-1997,1.59375,1.625,52800,1.625,1.625,1.3970096111297607
17-10-1997,1.59375,1.625,283200,1.625,1.59375,1.370144248008728
20-10-1997,1.59375,1.59375,48000,1.59375,1.59375,1.370144248008728
21-10-1997,1.6015629768371582,1.625,67200,1.625,1.625,1.3970096111297607
22-10-1997,1.625,1.625,30400,1.625,1.625,1.3970096111297607
23-10-1997,1.609375,1.609375,12800,1.625,1.625,1.3970096111297607
24-10-1997,1.59375,1.625,355200,1.625,1.625,1.3970096111297607
27-10-1997,1.59375,1.625,1841600,1.71875,1.671875,1.4373079538345337
28-10-1997,1.640625,1.6875,1587200,1.734375,1.640625,1.4104427099227905
29-10-1997,1.6875,1.734375,569600,1.78125,1.71875,1.4776064157485962
30-10-1997,1.703125,1.71875,107200,1.75,1.703125,1.464173674583435
31-10-1997,1.703125,1.703125,8000,1.75,1.75,1.5044723749160767
03-11-1997,1.703125,1.75,142400,1.75,1.71875,1.4776064157485962
04-11-1997,1.703125,1.703125,288000,1.734375,1.7265629768371582,1.4843229055404663
05-11-1997,1.703125,1.703125,267200,1.78125,1.7734379768371582,1.524621605873108
06-11-1997,1.734375,1.78125,2616000,1.78125,1.75,1.5044723749160767
07-11-1997,1.734375,1.734375,123200,1.7578129768371582,1.7578129768371582,1.5111888647079468
10-11-1997,1.765625,1.78125,190400,1.796875,1.796875,1.5447702407836914
11-11-1997,1.8125,1.8125,80000,1.84375,1.8203129768371582,1.5649198293685913
12-11-1997,1.796875,1.84375,441600,1.84375,1.796875,1.5447702407836914
13-11-1997,1.796875,1.796875,825600,1.921875,1.921875,1.6522325277328491
14-11-1997,1.890625,1.890625,432000,1.921875,1.9140629768371582,1.6455166339874268
17-11-1997,1.890625,1.890625,28800,1.921875,1.90625,1.6387999057769775
18-11-1997,1.890625,1.921875,590400,1.9375,1.8984379768371582,1.6320841312408447
19-11-1997,1.890625,1.890625,60800,1.9375,1.9375,1.6656653881072998
20-11-1997,1.890625,1.890625,121600,1.9375,1.890625,1.6253676414489746
21-11-1997,1.890625,1.9375,86400,1.9375,1.890625,1.6253676414489746
24-11-1997,1.890625,1.890625,68800,1.921875,1.8984379768371582,1.6320841312408447
25-11-1997,1.875,1.921875,147200,1.921875,1.875,1.6119345426559448
26-11-1997,1.875,1.90625,36800,1.90625,1.875,1.6119345426559448
28-11-1997,1.875,1.875,0,1.875,1.875,1.6119345426559448
01-12-1997,1.859375,1.90625,54400,1.90625,1.890625,1.6253676414489746
02-12-1997,1.859375,1.859375,84800,1.890625,1.890625,1.6253676414489746
03-12-1997,1.875,1.875,22400,1.875,1.875,1.6119345426559448
04-12-1997,1.875,1.90625,20800,1.90625,1.875,1.6119345426559448
05-12-1997,1.8125,1.90625,156800,1.90625,1.8125,1.5582034587860107
08-12-1997,1.78125,1.859375,257600,1.859375,1.78125,1.5313376188278198
09-12-1997,1.796875,1.84375,500800,1.84375,1.828125,1.5716360807418823
10-12-1997,1.78125,1.78125,267200,1.84375,1.78125,1.5313376188278198
11-12-1997,1.78125,1.78125,115200,1.8046879768371582,1.78125,1.5313376188278198
12-12-1997,1.78125,1.78125,113600,1.8125,1.796875,1.5447702407836914
15-12-1997,1.78125,1.7890629768371582,627200,1.8125,1.78125,1.5313376188278198
16-12-1997,1.78125,1.828125,430400,1.828125,1.78125,1.5313376188278198
17-12-1997,1.796875,1.796875,4800,1.8125,1.8125,1.5582034587860107
18-12-1997,1.78125,1.8125,483200,1.8125,1.78125,1.5313376188278198
19-12-1997,1.765625,1.8125,1320000,1.8125,1.765625,1.5179051160812378
22-12-1997,1.75,1.8125,241600,1.8125,1.75,1.5044723749160767
23-12-1997,1.75,1.7578129768371582,560000,1.765625,1.75,1.5044723749160767
24-12-1997,1.75,1.75,198400,1.765625,1.7578129768371582,1.5111888647079468
26-12-1997,1.75,1.75,6400,1.796875,1.78125,1.5313376188278198
29-12-1997,1.71875,1.75,275200,1.8125,1.7578129768371582,1.5111888647079468
30-12-1997,1.71875,1.765625,256000,1.765625,1.75,1.5044723749160767
31-12-1997,1.7578129768371582,1.765625,83200,1.765625,1.7578129768371582,1.5111888647079468
02-01-1998,1.75,1.765625,28800,1.765625,1.75,1.5044723749160767
05-01-1998,1.734375,1.734375,56000,1.765625,1.75,1.5044723749160767
06-01-1998,1.75,1.78125,1457600,1.796875,1.75,1.5044723749160767
07-01-1998,1.75,1.75,56000,1.796875,1.75,1.5044723749160767
08-01-1998,1.75,1.75,796800,1.796875,1.765625,1.5179051160812378
09-01-1998,1.75,1.75,43200,1.78125,1.75,1.5044723749160767
12-01-1998,1.734375,1.734375,737600,1.78125,1.78125,1.5313376188278198
13-01-1998,1.734375,1.734375,728000,1.78125,1.78125,1.5313376188278198
14-01-1998,1.734375,1.734375,22400,1.78125,1.78125,1.5313376188278198
15-01-1998,1.734375,1.734375,72000,1.78125,1.78125,1.5313376188278198
16-01-1998,1.734375,1.734375,1140800,1.828125,1.796875,1.5447702407836914
20-01-1998,1.796875,1.828125,788800,1.84375,1.8359379768371582,1.578352928161621
21-01-1998,1.828125,1.859375,344000,1.859375,1.828125,1.5716360807418823
22-01-1998,1.828125,1.828125,17600,1.859375,1.828125,1.5716360807418823
23-01-1998,1.847656011581421,1.859375,227200,1.8828129768371582,1.8828129768371582,1.618651270866394
26-01-1998,1.84375,1.859375,22400,1.8828129768371582,1.84375,1.585068702697754
27-01-1998,1.84375,1.84375,59200,1.875,1.84375,1.585068702697754
28-01-1998,1.890625,1.890625,163200,1.984375,1.984375,1.7059639692306519
29-01-1998,1.984375,1.984375,28800,1.9921879768371582,1.9921879768371582,1.7126809358596802
30-01-1998,1.96875,2.015625,51200,2.03125,2.023437976837158,1.739546537399292
02-02-1998,2.0,2.1875,529600,2.1875,2.078125,1.7865604162216187
03-02-1998,2.0,2.015625,152000,2.0625,2.0,1.719396710395813
04-02-1998,2.0,2.0,73600,2.078125,2.03125,1.7462623119354248
05-02-1998,2.03125,2.078125,51200,2.078125,2.078125,1.7865604162216187
06-02-1998,2.0625,2.078125,313600,2.125,2.094727039337158,1.8008337020874023
09-02-1998,2.078125,2.078125,817600,2.140625,2.125,1.8268592357635498
10-02-1998,2.0625,2.09375,96000,2.140625,2.063477039337158,1.7739675045013428
11-02-1998,2.0625,2.078125,158400,2.125,2.0625,1.773127555847168
12-02-1998,2.046875,2.046875,148800,2.109375,2.109375,1.8134264945983887
13-02-1998,2.109375,2.109375,83200,2.140625,2.117187976837158,1.820143222808838
17-02-1998,2.078125,2.140625,192000,2.140625,2.125,1.8268592357635498
18-02-1998,2.09375,2.125,64000,2.125,2.125,1.8268592357635498
19-02-1998,2.078125,2.078125,43200,2.125,2.125,1.8268592357635498
20-02-1998,2.078125,2.125,27200,2.125,2.078125,1.7865604162216187
23-02-1998,2.046875,2.078125,616000,2.09375,2.0625,1.773127555847168
24-02-1998,2.046875,2.046875,80000,2.09375,2.063477039337158,1.7739675045013428
25-02-1998,2.046875,2.046875,115200,2.101562976837158,2.070312976837158,1.7798444032669067
26-02-1998,2.0625,2.0625,20800,2.085937976837158,2.085937976837158,1.7932775020599365
27-02-1998,2.0625,2.0625,99200,2.125,2.125,1.8268592357635498
02-03-1998,2.085937976837158,2.09375,28800,2.125,2.085937976837158,1.7932775020599365
03-03-1998,2.078125,2.09375,104000,2.109375,2.109375,1.8134264945983887
04-03-1998,2.109375,2.109375,16000,2.109375,2.109375,1.8134264945983887
05-03-1998,2.0,2.0625,289600,2.0625,2.0625,1.773127555847168
06-03-1998,2.0625,2.0625,41600,2.070312976837158,2.070312976837158,1.7798444032669067
09-03-1998,2.015625,2.03125,11200,2.070312976837158,2.023437976837158,1.739546537399292
10-03-1998,2.0,2.03125,617600,2.046875,2.03125,1.7462623119354248
11-03-1998,2.03125,2.03125,571200,2.046875,2.03125,1.7462623119354248
12-03-1998,2.015625,2.0625,212800,2.0625,2.0625,1.773127555847168
13-03-1998,2.015625,2.015625,820800,2.0625,2.054687976837158,1.7664117813110352
16-03-1998,2.0,2.0625,1209600,2.0625,2.0625,1.773127555847168
17-03-1998,2.023437976837158,2.023437976837158,1065600,2.0625,2.0625,1.773127555847168
18-03-1998,2.023437976837158,2.023437976837158,404800,2.0625,2.023437976837158,1.739546537399292
19-03-1998,2.023437976837158,2.0625,272000,2.0625,2.0625,1.773127555847168
20-03-1998,2.023437976837158,2.0625,1028800,2.0625,2.03125,1.7462623119354248
23-03-1998,2.023437976837158,2.0625,20800,2.0625,2.023437976837158,1.739546537399292
24-03-1998,2.0,2.0625,248000,2.0625,2.0,1.719396710395813
25-03-1998,1.828125,2.015625,441600,2.015625,1.90625,1.6387999057769775
26-03-1998,1.8984379768371582,1.8984379768371582,1043200,2.0,1.953125,1.67909836769104
27-03-1998,1.953125,2.0,1979200,2.1875,2.1875,1.8805904388427734
30-03-1998,2.1875,2.21875,1508800,2.28125,2.1875,1.8805904388427734
31-03-1998,2.15625,2.179687976837158,761600,2.21875,2.21875,1.9074556827545166
01-04-1998,2.21875,2.21875,97600,2.242187976837158,2.21875,1.9074556827545166
02-04-1998,2.140625,2.203125,2953600,2.378906011581421,2.328125,2.001485824584961
03-04-1998,2.296875,2.359375,316800,2.359375,2.34375,2.0149168968200684
06-04-1998,2.328125,2.328125,1657600,2.40625,2.367187976837158,2.0350680351257324
07-04-1998,2.359375,2.359375,515200,2.40625,2.359375,2.028351068496704
08-04-1998,2.359375,2.390625,193600,2.390625,2.367187976837158,2.0350680351257324
09-04-1998,2.359375,2.390625,360000,2.390625,2.359375,2.028351068496704
13-04-1998,2.359375,2.359375,196800,2.40625,2.359375,2.028351068496704
14-04-1998,2.359375,2.421875,544000,2.4375,2.359375,2.028351068496704
15-04-1998,2.359375,2.367187976837158,62400,2.421875,2.359375,2.028351068496704
16-04-1998,2.40625,2.4375,508800,2.46875,2.40625,2.0686495304107666
17-04-1998,2.40625,2.4375,200000,2.4375,2.429687976837158,2.0887980461120605
20-04-1998,2.390625,2.40625,332800,2.453125,2.414062976837158,2.075366258621216
21-04-1998,2.382812976837158,2.421875,259200,2.4375,2.4375,2.095515251159668
22-04-1998,2.40625,2.4375,748800,2.460937976837158,2.4375,2.095515251159668
23-04-1998,2.4375,2.476562976837158,155200,2.476562976837158,2.454102039337158,2.109787702560425
24-04-1998,2.445312976837158,2.445312976837158,172800,2.476562976837158,2.46875,2.122380256652832
27-04-1998,2.453125,2.5,892800,2.515625,2.484375,2.135812759399414
28-04-1998,2.453125,2.5,51200,2.5,2.5,2.1492462158203125
29-04-1998,2.457031011581421,2.46875,833600,2.5,2.488281011581421,2.1391713619232178
30-04-1998,2.453125,2.5,633600,2.5,2.472656011581421,2.1257383823394775
01-05-1998,2.4375,2.46875,7174400,2.46875,2.453125,2.108947277069092
04-05-1998,2.4375,2.484375,2776000,2.484375,2.46875,2.122380256652832
05-05-1998,2.4375,2.46875,296000,2.46875,2.46875,2.122380256652832
06-05-1998,2.40625,2.46875,569600,2.46875,2.46875,2.122380256652832
07-05-1998,2.4375,2.4375,40000,2.46875,2.46875,2.122380256652832
08-05-1998,2.4375,2.4375,67200,2.464843988418579,2.449218988418579,2.1055893898010254
11-05-1998,2.445312976837158,2.445312976837158,507200,2.5,2.5,2.1492462158203125
12-05-1998,2.453125,2.5,80000,2.5,2.476562976837158,2.1290974617004395
13-05-1998,2.453125,2.453125,142400,2.5,2.476562976837158,2.1290974617004395
14-05-1998,2.453125,2.484375,369600,2.539062976837158,2.539062976837158,2.182828664779663
15-05-1998,2.515625,2.546875,675200,2.609375,2.535156011581421,2.1794700622558594
18-05-1998,2.515625,2.515625,358400,2.609375,2.53125,2.1761114597320557
19-05-1998,2.460937976837158,2.546875,278400,2.546875,2.460937976837158,2.115663766860962
20-05-1998,2.4375,2.453125,443200,2.484375,2.445312976837158,2.10223126411438
21-05-1998,2.359375,2.445312976837158,616000,2.445312976837158,2.390625,2.0552163124084473
22-05-1998,2.359375,2.375,38400,2.375,2.371093988418579,2.038426160812378
26-05-1998,2.3125,2.3125,153600,2.375,2.3125,1.9880521297454834
27-05-1998,2.21875,2.332031011581421,256000,2.332031011581421,2.28125,1.9611870050430298
28-05-1998,2.21875,2.234375,185600,2.265625,2.21875,1.9074556827545166
29-05-1998,2.203125,2.25,235200,2.265625,2.21875,1.9074556827545166
01-06-1998,2.203125,2.203125,632000,2.28125,2.222656011581421,1.9108139276504517
02-06-1998,2.25,2.265625,120000,2.265625,2.265625,1.9477543830871582
03-06-1998,2.25,2.257812976837158,129600,2.257812976837158,2.257812976837158,1.941038727760315
04-06-1998,2.203125,2.257812976837158,526400,2.273437976837158,2.203125,1.8940225839614868
05-06-1998,2.203125,2.25,132800,2.265625,2.25,1.934321641921997
08-06-1998,2.21875,2.21875,131200,2.28125,2.257812976837158,1.941038727760315
09-06-1998,2.234375,2.234375,891200,2.261718988418579,2.257812976837158,1.941038727760315
10-06-1998,2.25,2.25,102400,2.277343988418579,2.277343988418579,1.9578280448913574
11-06-1998,2.25,2.277343988418579,60800,2.277343988418579,2.277343988418579,1.9578280448913574
12-06-1998,2.234375,2.28125,187200,2.28125,2.28125,1.9611870050430298
15-06-1998,2.25,2.277343988418579,57600,2.28125,2.28125,1.9611870050430298
16-06-1998,2.234375,2.265625,416000,2.328125,2.328125,2.001485824584961
17-06-1998,2.3125,2.328125,235200,2.421875,2.414062976837158,2.075366258621216
18-06-1998,2.414062976837158,2.421875,153600,2.453125,2.453125,2.108947277069092
19-06-1998,2.414062976837158,2.414062976837158,235200,2.5,2.4375,2.095515251159668
22-06-1998,2.4375,2.472656011581421,540800,2.546875,2.5,2.1492462158203125
23-06-1998,2.5625,2.5625,624000,2.6875,2.578125,2.216409921646118
24-06-1998,2.5625,2.5625,603200,2.671875,2.671875,2.297006130218506
25-06-1998,2.671875,2.703125,2640000,2.78125,2.703125,2.3238725662231445
26-06-1998,2.726562976837158,2.75,2254400,2.789062976837158,2.753906011581421,2.3675289154052734
29-06-1998,2.71875,2.78125,2155200,2.8125,2.71875,2.3373045921325684
30-06-1998,2.71875,2.734375,1387200,2.847656011581421,2.847656011581421,2.4481256008148193
01-07-1998,2.75,2.828125,606400,2.828125,2.828125,2.4313342571258545
02-07-1998,2.8125,2.84375,641600,2.890625,2.890625,2.4850659370422363
06-07-1998,2.875,2.875,462400,2.929687976837158,2.929687976837158,2.518648147583008
07-07-1998,2.9375,2.9375,2561600,3.03125,2.96875,2.552229642868042
08-07-1998,2.953125,3.0,1550400,3.0,2.953125,2.5387964248657227
09-07-1998,2.953125,2.953125,2822400,3.085937976837158,3.015625,2.5925276279449463
10-07-1998,2.96875,2.984375,1252800,3.03125,3.015625,2.5925276279449463
13-07-1998,2.96875,3.0,624000,3.03125,2.972656011581421,2.5555880069732666
14-07-1998,2.90625,2.96875,888000,2.96875,2.914062976837158,2.5052149295806885
15-07-1998,2.84375,2.890625,377600,2.90625,2.875,2.4716336727142334
16-07-1998,2.84375,2.84375,875200,3.015625,2.972656011581421,2.5555880069732666
17-07-1998,2.9375,3.0,1740800,3.015625,2.9375,2.5253641605377197
20-07-1998,2.921875,2.9375,68800,2.976562976837158,2.921875,2.5119309425354004
21-07-1998,2.953125,2.984375,43200,2.984375,2.953125,2.5387964248657227
22-07-1998,2.890625,2.921875,945600,2.953125,2.890625,2.4850659370422363
23-07-1998,2.84375,2.890625,2508800,2.921875,2.859375,2.458199977874756
24-07-1998,2.859375,2.859375,1788800,2.90625,2.890625,2.4850659370422363
27-07-1998,2.8125,2.875,803200,2.914062976837158,2.8125,2.4179017543792725
28-07-1998,2.71875,2.875,467200,2.875,2.71875,2.3373045921325684
29-07-1998,2.679687976837158,2.796875,2587200,2.796875,2.679687976837158,2.3037233352661133
30-07-1998,2.6875,2.703125,1272000,2.765625,2.703125,2.3238725662231445
31-07-1998,2.703125,2.75,1952000,2.859375,2.804687976837158,2.4111850261688232
03-08-1998,2.765625,2.84375,390400,2.859375,2.804687976837158,2.4111850261688232
04-08-1998,2.75,2.8125,451200,2.8125,2.75,2.364170789718628
05-08-1998,2.75,2.8125,331200,2.8125,2.773437976837158,2.3843202590942383
06-08-1998,2.757812976837158,2.804687976837158,158400,2.804687976837158,2.789062976837158,2.397752523422241
07-08-1998,2.757812976837158,2.765625,1020800,2.90625,2.835937976837158,2.4380507469177246
10-08-1998,2.835937976837158,2.835937976837158,1112000,3.078125,3.0,2.579094886779785
11-08-1998,2.921875,2.921875,784000,2.960937976837158,2.921875,2.5119309425354004
12-08-1998,2.929687976837158,2.953125,379200,2.96875,2.945312976837158,2.532080888748169
13-08-1998,2.890625,2.976562976837158,241600,2.976562976837158,2.890625,2.4850659370422363
14-08-1998,2.796875,2.9375,313600,2.9375,2.796875,2.4044692516326904
17-08-1998,2.828125,2.851562976837158,3398400,2.890625,2.882812976837158,2.478349447250366
18-08-1998,2.851562976837158,2.851562976837158,380800,2.898437976837158,2.878906011581421,2.4749908447265625
19-08-1998,2.84375,2.90625,409600,2.90625,2.84375,2.4447672367095947
20-08-1998,2.84375,2.867187976837158,305600,2.867187976837158,2.84375,2.4447672367095947
21-08-1998,2.703125,2.8125,326400,2.8125,2.734375,2.3507378101348877
24-08-1998,2.703125,2.703125,411200,2.78125,2.730468988418579,2.347379446029663
25-08-1998,2.625,2.71875,201600,2.71875,2.65625,2.2835729122161865
26-08-1998,2.609375,2.625,144000,2.65625,2.609375,2.2432751655578613
27-08-1998,2.484375,2.546875,350400,2.546875,2.503906011581421,2.152604103088379
28-08-1998,2.46875,2.53125,926400,2.546875,2.53125,2.1761114597320557
31-08-1998,2.28125,2.5,1160000,2.53125,2.3125,1.9880521297454834
01-09-1998,2.25,2.3125,1916800,2.46875,2.460937976837158,2.115663766860962
02-09-1998,2.429687976837158,2.484375,1174400,2.59375,2.476562976837158,2.1290974617004395
03-09-1998,2.382812976837158,2.46875,1241600,2.507812976837158,2.382812976837158,2.0485002994537354
04-09-1998,2.3125,2.40625,1544000,2.421875,2.359375,2.028351068496704
08-09-1998,2.335937976837158,2.375,3696000,2.765625,2.765625,2.377603054046631
09-09-1998,2.652343988418579,2.734375,1361600,2.890625,2.78125,2.391036033630371
10-09-1998,2.625,2.8125,1657600,2.8125,2.75,2.364170789718628
11-09-1998,2.65625,2.765625,288000,2.78125,2.6875,2.310439348220825
14-09-1998,2.65625,2.65625,593600,2.804687976837158,2.78125,2.391036033630371
15-09-1998,2.75,2.75,718400,2.96875,2.835937976837158,2.4380507469177246
16-09-1998,2.8125,2.8125,1230400,2.875,2.875,2.4716336727142334
17-09-1998,2.820312976837158,2.890625,1177600,2.90625,2.875,2.4716336727142334
18-09-1998,2.859375,2.90625,1102400,2.953125,2.9375,2.5253641605377197
21-09-1998,2.890625,2.921875,2441600,3.09375,3.078125,2.6462595462799072
22-09-1998,3.109375,3.203125,4417600,3.25,3.226562976837158,2.7738709449768066
23-09-1998,3.140625,3.3125,3715200,3.359375,3.171875,2.726855516433716
24-09-1998,3.007812976837158,3.132812976837158,2715200,3.203125,3.070312976837158,2.639543056488037
25-09-1998,2.984375,2.984375,1025600,3.140625,3.101562976837158,2.666408061981201
28-09-1998,3.125,3.140625,3177600,3.351562976837158,3.28125,2.820885419845581
29-09-1998,3.234375,3.359375,700800,3.363281011581421,3.296875,2.834317922592163
30-09-1998,3.15625,3.195312976837158,2308800,3.3125,3.25,2.7940192222595215
01-10-1998,2.773437976837158,3.226562976837158,2297600,3.273437976837158,2.8125,2.4179017543792725
02-10-1998,2.71875,2.8125,2886400,2.921875,2.84375,2.4447672367095947
05-10-1998,2.617187976837158,2.8125,1820800,2.890625,2.648437976837158,2.2768585681915283
06-10-1998,2.625,2.703125,1856000,2.882812976837158,2.804687976837158,2.4111850261688232
07-10-1998,2.65625,2.791016101837158,1912000,2.84375,2.660156011581421,2.2869317531585693
08-10-1998,2.578125,2.695312976837158,2624000,2.695312976837158,2.6875,2.310439348220825
09-10-1998,2.710937976837158,2.71875,1676800,2.859375,2.820312976837158,2.4246184825897217
12-10-1998,2.84375,2.859375,760000,2.96875,2.96875,2.552229642868042
13-10-1998,2.929687976837158,2.96875,246400,2.984375,2.945312976837158,2.532080888748169
14-10-1998,2.945312976837158,2.953125,577600,3.117187976837158,3.09375,2.6596922874450684
15-10-1998,3.03125,3.0625,1294400,3.328125,3.296875,2.834317922592163
16-10-1998,2.9375,3.34375,3345600,3.34375,3.03125,2.6059610843658447
19-10-1998,2.984375,3.03125,918400,3.132812976837158,3.0625,2.632826089859009
20-10-1998,3.023437976837158,3.023437976837158,1851200,3.125,3.09375,2.6596922874450684
21-10-1998,3.03125,3.046875,1113600,3.09375,3.09375,2.6596922874450684
22-10-1998,3.046875,3.0625,348800,3.132812976837158,3.0625,2.632826089859009
23-10-1998,3.046875,3.125,483200,3.125,3.109375,2.673124313354492
26-10-1998,3.09375,3.09375,1064000,3.25,3.25,2.7940192222595215
27-10-1998,3.1875,3.25,684800,3.257812976837158,3.21875,2.7671542167663574
28-10-1998,3.109375,3.171875,932800,3.210937976837158,3.1875,2.740288496017456
29-10-1998,3.109375,3.1875,302400,3.1875,3.179687976837158,2.733572244644165
30-10-1998,3.109375,3.125,910400,3.21875,3.1875,2.740288496017456
02-11-1998,3.21875,3.21875,1641600,3.5,3.5,3.0089447498321533
03-11-1998,3.5,3.5625,1081600,3.671875,3.546875,3.0492422580718994
04-11-1998,3.53125,3.632812976837158,2062400,3.632812976837158,3.578125,3.07610821723938
05-11-1998,3.40625,3.585937976837158,2129600,3.601562976837158,3.568358898162842,3.0677125453948975
06-11-1998,3.5,3.585937976837158,1902400,3.625,3.59375,3.089540481567383
09-11-1998,3.507812976837158,3.59375,1481600,3.6875,3.625,3.1164069175720215
10-11-1998,3.570312976837158,3.570312976837158,2419200,3.78125,3.757812976837158,3.230586051940918
11-11-1998,3.789062976837158,3.789062976837158,2369600,3.96875,3.945312976837158,3.3917789459228516
12-11-1998,3.640625,3.929687976837158,2552000,3.957031011581421,3.6875,3.170137405395508
13-11-1998,3.492187976837158,3.640625,3340800,3.6875,3.523437976837158,3.0290937423706055
16-11-1998,3.4375,3.546875,1276800,3.609375,3.460937976837158,2.97536301612854
17-11-1998,3.3125,3.4375,2508000,3.53125,3.40625,2.92834734916687
18-11-1998,3.421875,3.421875,3126400,3.859375,3.796875,3.264167308807373
19-11-1998,3.71875,3.96875,2343200,3.96875,3.882812976837158,3.338047981262207
20-11-1998,3.710937976837158,3.890625,1722400,3.890625,3.78125,3.250735282897949
23-11-1998,3.78125,3.828125,3314400,4.046875,4.03125,3.4656589031219482
24-11-1998,3.9375,4.046875,1371200,4.1875,4.078125,3.50595760345459
25-11-1998,4.0,4.109375,628800,4.234375,4.203125,3.613420248031616
27-11-1998,4.109375,4.109375,225600,4.21875,4.21875,3.6268529891967773
30-11-1998,4.15625,4.28125,538400,4.28125,4.265625,3.6671509742736816
01-12-1998,4.09375,4.171875,1806400,4.234375,4.140625,3.559688091278076
02-12-1998,4.03125,4.125,2628800,4.585937976837158,4.328125,3.720881938934326
03-12-1998,4.0,4.40625,2153600,4.421875,4.109375,3.532822608947754
04-12-1998,3.890625,4.125,2716000,4.21875,4.0,3.438793420791626
07-12-1998,4.0625,4.09375,2374400,4.257812976837158,4.257812976837158,3.6604349613189697
08-12-1998,4.3125,4.34375,3260800,4.625,4.59375,3.94923996925354
09-12-1998,4.53125,4.578125,3282400,4.90625,4.875,4.191030502319336
10-12-1998,4.78125,4.875,2373600,5.125,4.859375,4.177595615386963
11-12-1998,4.796875,4.8125,1197600,4.90625,4.90625,4.217894554138184
14-12-1998,4.875,4.96875,1080000,4.984375,4.898437976837158,4.211178779602051
15-12-1998,4.898437976837158,4.953125,1952000,5.203125,5.125,4.405954837799072
16-12-1998,5.09375,5.109375,2730400,5.375,5.296875,4.55371618270874
17-12-1998,5.25,5.3125,2821600,5.40625,5.28125,4.540281295776367
18-12-1998,5.15625,5.25,1505600,5.265625,5.203125,4.473117351531982
21-12-1998,5.34375,5.390625,1584800,5.84375,5.546875,4.76863956451416
22-12-1998,5.28125,5.59375,2798400,5.609375,5.546875,4.76863956451416
23-12-1998,5.515625,5.5625,1230400,5.671875,5.632812976837158,4.8425211906433105
24-12-1998,5.625,5.640625,732800,5.726562976837158,5.625,4.835803508758545
28-12-1998,5.640625,5.71875,1674400,5.96875,5.765625,4.956698417663574
29-12-1998,5.75,5.90625,658400,5.90625,5.8125,4.996996879577637
30-12-1998,5.75,5.84375,1312000,6.0,5.90625,5.077592849731445
31-12-1998,5.65625,5.96875,1430400,6.03125,5.671875,4.876101016998291
04-01-1999,5.265625,5.65625,1389600,5.6875,5.34375,4.594012260437012
05-01-1999,4.90625,5.359375,2664000,5.359375,5.0,4.298492431640625
06-01-1999,4.625,4.921875,2791200,5.03125,4.84375,4.164164066314697
07-01-1999,4.59375,4.703125,2016800,4.984375,4.875,4.191030502319336
08-01-1999,4.984375,5.125,2367200,5.269530773162842,5.242187976837158,4.506701469421387
11-01-1999,5.234375,5.328125,1132000,5.390625,5.28125,4.540281295776367
12-01-1999,5.25,5.25,1244000,5.601562976837158,5.359375,4.607446193695068
13-01-1999,5.0,5.046875,1136800,5.34375,5.3125,4.567145824432373
14-01-1999,5.320312976837158,5.40625,1152000,5.421875,5.390625,4.634312152862549
15-01-1999,5.359375,5.375,524800,5.59375,5.59375,4.808938503265381
19-01-1999,5.484375,5.484375,1341600,5.859375,5.796875,4.983563423156738
20-01-1999,5.796875,5.859375,1842400,6.203125,6.148437976837158,5.285802841186523
21-01-1999,5.96875,6.15625,1636800,6.15625,6.0,5.15818977355957
22-01-1999,5.75,5.828125,1324000,6.226562976837158,6.1875,5.319384574890137
25-01-1999,6.09375,6.1875,796800,6.515625,6.429687976837158,5.527593612670898
26-01-1999,6.09375,6.5,672800,6.5,6.195312976837158,5.326100826263428
27-01-1999,5.742187976837158,6.023437976837158,1184800,6.148437976837158,6.023437976837158,5.17833948135376
28-01-1999,6.015625,6.109375,168800,6.25,6.125,5.265652179718018
29-01-1999,6.09375,6.109375,1040000,6.34375,6.15625,5.2925190925598145
01-02-1999,6.125,6.15625,531200,6.296875,6.25,5.373114109039307
02-02-1999,5.703125,6.171875,3806400,6.1875,5.734375,4.929832458496094
03-02-1999,5.3125,5.625,1111200,5.671875,5.375,4.62087869644165
04-02-1999,5.34375,5.4375,2776800,5.46875,5.375,4.62087869644165
05-02-1999,5.09375,5.4375,3316800,5.4375,5.15625,4.432819843292236
08-02-1999,4.5,5.09375,2201600,5.15625,4.8125,4.137299060821533
09-02-1999,4.671875,4.796875,2206400,4.84375,4.71875,4.056702136993408
10-02-1999,4.5,4.75,2370400,4.875,4.625,3.976104259490967
11-02-1999,4.34375,4.671875,1387200,4.875,4.484375,3.855210542678833
12-02-1999,4.3125,4.375,1623200,4.609375,4.4375,3.814911365509033
16-02-1999,4.3125,4.375,1505600,4.515625,4.5,3.868643283843994
17-02-1999,4.171875,4.515625,534400,4.515625,4.234375,3.6402857303619385
18-02-1999,3.71875,4.1875,1529600,4.28125,3.734375,3.2104358673095703
19-02-1999,4.09375,4.101562976837158,10755200,4.1875,4.1875,3.599987268447876
22-02-1999,4.1875,4.265625,6036800,4.4375,4.25,3.6537184715270996
23-02-1999,4.09375,4.3125,1811200,4.3125,4.140625,3.559688091278076
24-02-1999,3.875,4.125,3868000,4.15625,3.929687976837158,3.3783464431762695
25-02-1999,3.515625,3.90625,1668800,3.953125,3.796875,3.264167308807373
26-02-1999,3.75,3.75,1179200,3.921875,3.875,3.3313307762145996
01-03-1999,3.828125,3.953125,2615200,3.953125,3.882812976837158,3.338047981262207
02-03-1999,3.9375,4.015625,2814400,4.28125,4.21875,3.6268529891967773
03-03-1999,4.171875,4.210937976837158,1648800,4.25,4.226562976837158,3.6335699558258057
04-03-1999,4.25,4.25,2268800,4.515625,4.46875,3.8417770862579346
05-03-1999,4.5,4.609375,2696800,4.632812976837158,4.5625,3.9223740100860596
08-03-1999,4.53125,4.53125,2489600,4.875,4.742187976837158,4.076852321624756
09-03-1999,4.648437976837158,4.703125,2192800,4.742187976837158,4.695312976837158,4.036551475524902
10-03-1999,4.625,4.734375,1636000,4.8125,4.640625,3.9895379543304443
11-03-1999,4.640625,4.6875,1788000,4.734375,4.710937976837158,4.049986362457275
12-03-1999,4.671875,4.8125,2326400,4.84375,4.710937976837158,4.049986362457275
15-03-1999,4.382812976837158,4.71875,916800,4.71875,4.59375,3.94923996925354
16-03-1999,4.390625,4.59375,1196800,4.695312976837158,4.6875,4.029833793640137
17-03-1999,4.515625,4.703125,704800,4.703125,4.515625,3.8820765018463135
18-03-1999,4.40625,4.515625,900000,4.515625,4.4375,3.814911365509033
19-03-1999,4.125,4.421875,1291200,4.46875,4.15625,3.5731208324432373
22-03-1999,3.539062976837158,4.203125,2011200,4.203125,3.546875,3.0492422580718994
23-03-1999,2.796875,3.46875,11604000,3.46875,2.875,2.4716336727142334
24-03-1999,2.6875,2.9375,6098400,3.203125,2.96875,2.552229642868042
25-03-1999,2.96875,3.078125,4439200,3.28125,3.203125,2.7537214756011963
26-03-1999,3.171875,3.210937976837158,3236800,3.421875,3.421875,2.9417808055877686
29-03-1999,3.46875,3.539062976837158,1719200,3.742187976837158,3.6875,3.170137405395508
30-03-1999,3.578125,3.59375,2086400,3.765625,3.625,3.1164069175720215
31-03-1999,3.3125,3.6875,3900000,3.6875,3.53125,3.0358102321624756
01-04-1999,3.046875,3.375,1436000,3.40625,3.1875,2.740288496017456
05-04-1999,2.75,3.148437976837158,1958400,3.203125,2.796875,2.4044692516326904
06-04-1999,2.726562976837158,2.890625,4084000,2.90625,2.765625,2.377603054046631
07-04-1999,2.710937976837158,2.835937976837158,2975200,2.875,2.75,2.364170789718628
08-04-1999,2.398437976837158,2.6875,5768800,2.695312976837158,2.46875,2.122380256652832
09-04-1999,2.460937976837158,2.5,2678400,2.84375,2.8125,2.4179017543792725
12-04-1999,2.8125,2.90625,2304000,2.90625,2.828125,2.4313342571258545
13-04-1999,2.828125,2.859375,1182400,3.046875,2.9375,2.5253641605377197
14-04-1999,2.9375,3.046875,2918400,3.875,3.742187976837158,3.217153549194336
15-04-1999,3.4375,3.890625,3732000,4.0,3.640625,3.129838705062866
16-04-1999,3.5625,3.578125,1412800,3.796875,3.648437976837158,3.136556625366211
19-04-1999,3.550781011581421,3.65625,2647200,3.90625,3.550781011581421,3.052600622177124
20-04-1999,3.546875,3.71875,1220800,3.757812976837158,3.757812976837158,3.230586051940918
21-04-1999,3.523437976837158,3.671875,436800,3.734375,3.546875,3.0492422580718994
22-04-1999,3.5,3.5,1147200,3.671875,3.5625,3.0626752376556396
23-04-1999,3.46875,3.59375,1052000,3.671875,3.53125,3.0358102321624756
26-04-1999,3.199218988418579,3.5625,1009600,3.5625,3.382812976837158,2.908198118209839
27-04-1999,3.34375,3.34375,1248800,3.5,3.46875,2.982078790664673
28-04-1999,3.359375,3.5,567200,3.5,3.367187976837158,2.894766092300415
29-04-1999,3.359375,3.390625,256800,3.5,3.367187976837158,2.894766092300415
30-04-1999,3.304687976837158,3.4375,908000,3.46875,3.304687976837158,2.8410348892211914
03-05-1999,3.3125,3.359375,533600,3.578125,3.4375,2.9552128314971924
04-05-1999,3.4375,3.5,740000,3.5625,3.53125,3.0358102321624756
05-05-1999,3.515625,3.515625,1399200,4.046875,4.03125,3.4656589031219482
06-05-1999,3.75,4.0,850400,4.039062976837158,3.898437976837158,3.351480722427368
07-05-1999,3.8125,3.8125,1014400,4.03125,4.0,3.438793420791626
10-05-1999,4.0625,4.125,1257600,4.203125,4.132812976837158,3.5529725551605225
11-05-1999,4.109375,4.140625,824800,4.375,4.328125,3.720881938934326
12-05-1999,4.25,4.359375,1638400,4.515625,4.46875,3.8417770862579346
13-05-1999,4.46875,4.507812976837158,762400,4.640625,4.640625,3.9895379543304443
14-05-1999,4.25,4.578125,1254400,4.625,4.328125,3.720881938934326
17-05-1999,4.03125,4.28125,354400,4.34375,4.140625,3.559688091278076
18-05-1999,4.03125,4.203125,203200,4.203125,4.046875,3.4790921211242676
19-05-1999,3.734375,4.046875,731200,4.09375,3.75,3.2238690853118896
20-05-1999,3.765625,3.78125,678400,4.015625,3.960937976837158,3.4052112102508545
21-05-1999,3.828125,4.0,759200,4.0,3.859375,3.3178985118865967
24-05-1999,3.210937976837158,3.890625,823200,3.890625,3.382812976837158,2.908198118209839
25-05-1999,3.21875,3.375,2626400,3.375,3.296875,2.834317922592163
26-05-1999,3.359375,3.375,679200,3.5625,3.5625,3.0626752376556396
27-05-1999,3.523437976837158,3.625,791200,3.625,3.53125,3.0358102321624756
28-05-1999,3.484375,3.484375,1279200,3.539062976837158,3.507812976837158,3.0156607627868652
01-06-1999,3.492187976837158,3.570312976837158,492800,3.625,3.625,3.1164069175720215
02-06-1999,3.46875,3.671875,600000,3.671875,3.546875,3.0492422580718994
03-06-1999,3.5,3.578125,412800,3.65625,3.59375,3.089540481567383
04-06-1999,3.546875,3.5625,1078400,4.296875,4.0,3.438793420791626
07-06-1999,3.945312976837158,4.015625,1796800,4.5,4.5,3.868643283843994
08-06-1999,4.09375,4.40625,1061600,4.625,4.359375,3.7477478981018066
09-06-1999,4.1875,4.34375,248800,4.46875,4.296875,3.6940155029296875
10-06-1999,4.0625,4.3125,579200,4.3125,4.265625,3.6671509742736816
11-06-1999,4.1875,4.28125,455200,4.296875,4.203125,3.613420248031616
14-06-1999,4.1875,4.1875,1232800,4.453125,4.40625,3.7880451679229736
15-06-1999,4.15625,4.40625,561600,4.53125,4.15625,3.5731208324432373
16-06-1999,4.234375,4.234375,143200,4.34375,4.304687976837158,3.700732707977295
17-06-1999,4.125,4.3125,914400,4.34375,4.125,3.546255111694336
18-06-1999,3.96875,4.242187976837158,548800,4.242187976837158,4.15625,3.5731208324432373
21-06-1999,4.15625,4.21875,674400,4.304687976837158,4.257812976837158,3.6604349613189697
22-06-1999,4.164062976837158,4.265625,1072000,4.375,4.3125,3.7074482440948486
23-06-1999,4.101562976837158,4.289062976837158,501600,4.320312976837158,4.125,3.546255111694336
24-06-1999,3.75,4.203125,935200,4.203125,3.914062976837158,3.3649134635925293
25-06-1999,3.890625,3.9375,1325600,4.125,4.0625,3.4925246238708496
28-06-1999,4.0625,4.0625,585600,4.21875,4.15625,3.5731208324432373
29-06-1999,4.0625,4.203125,1132000,4.203125,4.0625,3.4925246238708496
30-06-1999,4.09375,4.15625,532000,4.171875,4.148437976837158,3.566404342651367
01-07-1999,4.148437976837158,4.1875,473600,4.390625,4.25,3.6537184715270996
02-07-1999,4.203125,4.375,252000,4.390625,4.296875,3.6940155029296875
06-07-1999,4.140625,4.359375,360800,4.359375,4.15625,3.5731208324432373
07-07-1999,3.8125,4.09375,1726400,4.148437976837158,3.8125,3.277599811553955
08-07-1999,3.742187976837158,3.824218988418579,749600,3.835937976837158,3.78125,3.250735282897949
09-07-1999,3.859375,3.875,1666400,4.328125,4.203125,3.613420248031616
12-07-1999,4.125,4.3125,728800,4.359375,4.15625,3.5731208324432373
13-07-1999,4.046875,4.101562976837158,1293600,4.296875,4.234375,3.6402857303619385
14-07-1999,4.148437976837158,4.3125,1491200,4.3125,4.164062976837158,3.579838752746582
15-07-1999,4.101562976837158,4.179687976837158,1297600,4.21875,4.15625,3.5731208324432373
16-07-1999,4.140625,4.15625,544000,4.359375,4.25,3.6537184715270996
19-07-1999,3.875,4.21875,891200,4.25,3.953125,3.3984951972961426
20-07-1999,3.734375,3.867187976837158,1313600,3.890625,3.757812976837158,3.230586051940918
21-07-1999,3.734375,3.734375,916000,3.828125,3.828125,3.291032552719116
22-07-1999,3.75,3.824218988418579,274400,3.84375,3.78125,3.250735282897949
23-07-1999,3.625,3.796875,228000,3.8125,3.695312976837158,3.176854372024536
26-07-1999,3.5625,3.671875,589600,3.71875,3.5625,3.0626752376556396
27-07-1999,3.515625,3.671875,907200,3.671875,3.523437976837158,3.0290937423706055
28-07-1999,3.515625,3.539062976837158,745600,3.8125,3.695312976837158,3.176854372024536
29-07-1999,3.265625,3.6875,1935200,3.6875,3.335937976837158,2.8679003715515137
30-07-1999,3.339843988418579,3.339843988418579,4293600,3.578125,3.5625,3.0626752376556396
02-08-1999,3.546875,3.546875,1688000,3.765625,3.734375,3.2104358673095703
03-08-1999,3.71875,3.75,2408000,3.890625,3.75,3.2238690853118896
04-08-1999,3.695312976837158,3.71875,620000,3.78125,3.703125,3.183570384979248
05-08-1999,3.671875,3.765625,1790400,3.875,3.789062976837158,3.2574515342712402
06-08-1999,3.75,3.765625,577600,3.84375,3.796875,3.264167308807373
09-08-1999,3.8125,3.828125,532800,4.046875,3.929687976837158,3.3783464431762695
10-08-1999,3.875,4.0,929600,4.0,3.953125,3.3984951972961426
11-08-1999,3.90625,3.90625,287200,4.0,4.0,3.438793420791626
12-08-1999,3.953125,4.0,736800,4.140625,4.125,3.546255111694336
13-08-1999,4.03125,4.109375,489600,4.15625,4.046875,3.4790921211242676
16-08-1999,3.859375,4.023437976837158,734400,4.085937976837158,3.992187976837158,3.432077646255493
17-08-1999,3.9375,3.984375,612800,4.015625,3.984375,3.425361156463623
18-08-1999,3.90625,3.953125,104000,4.0,3.953125,3.3984951972961426
19-08-1999,3.742187976837158,3.9375,771200,4.0,3.828125,3.291032552719116
20-08-1999,3.828125,3.84375,389600,3.929687976837158,3.875,3.3313307762145996
23-08-1999,3.890625,3.933593988418579,204800,4.0,3.984375,3.425361156463623
24-08-1999,3.90625,3.984375,271200,4.015625,3.921875,3.3716299533843994
25-08-1999,3.921875,3.929687976837158,507200,4.140625,4.109375,3.532822608947754
26-08-1999,3.921875,4.117187976837158,1572800,4.117187976837158,3.960937976837158,3.4052112102508545
27-08-1999,3.90625,3.96875,1028000,3.96875,3.929687976837158,3.3783464431762695
30-08-1999,3.75,3.914062976837158,452800,3.929687976837158,3.75,3.2238690853118896
31-08-1999,3.46875,3.84375,1061600,3.84375,3.46875,2.982078790664673
01-09-1999,3.53125,3.71875,394400,3.734375,3.578125,3.07610821723938
02-09-1999,3.484375,3.5625,335200,3.59375,3.484375,2.995512008666992
03-09-1999,3.421875,3.5625,464800,3.5625,3.515625,3.0223770141601562
07-09-1999,3.4375,3.558593988418579,460800,3.578125,3.484375,2.995512008666992
08-09-1999,3.4375,3.484375,151200,3.5,3.4375,2.9552128314971924
09-09-1999,3.4375,3.503906011581421,592000,3.53125,3.484375,2.995512008666992
10-09-1999,3.484375,3.519531011581421,153600,3.554687976837158,3.492187976837158,3.002228260040283
13-09-1999,3.4375,3.492187976837158,153600,3.5,3.4375,2.9552128314971924
14-09-1999,3.441406011581421,3.441406011581421,1419200,3.609375,3.546875,3.0492422580718994
15-09-1999,3.4375,3.59375,276800,3.59375,3.5,3.0089447498321533
16-09-1999,3.234375,3.492187976837158,611200,3.5,3.28125,2.820885419845581
17-09-1999,3.15625,3.289062976837158,2170400,3.296875,3.1875,2.740288496017456
20-09-1999,2.914062976837158,3.203125,2832800,3.234375,2.953125,2.5387964248657227
21-09-1999,2.996093988418579,2.996093988418579,1862400,3.101562976837158,3.046875,2.6193933486938477
22-09-1999,3.078125,3.078125,5083200,3.390625,3.390625,2.9149158000946045
23-09-1999,3.125,3.40625,910400,3.5625,3.125,2.6865570545196533
24-09-1999,3.078125,3.179687976837158,543200,3.265625,3.265625,2.80745267868042
27-09-1999,3.326172113418579,3.328125,391200,3.484375,3.476562976837158,2.988795042037964
28-09-1999,3.453125,3.476562976837158,1764000,3.5625,3.554687976837158,3.055959463119507
29-09-1999,3.554687976837158,3.585937976837158,1896000,3.835937976837158,3.828125,3.291032552719116
30-09-1999,3.796875,3.890625,1296800,4.140625,4.140625,3.559688091278076
01-10-1999,3.953125,4.109375,595200,4.109375,4.09375,3.519390344619751
04-10-1999,4.0625,4.0625,800800,4.203125,4.1875,3.599987268447876
05-10-1999,3.921875,4.171875,1380000,4.171875,4.0,3.438793420791626
06-10-1999,3.828125,4.015625,204800,4.015625,3.84375,3.3044650554656982
07-10-1999,3.6875,3.84375,248800,3.84375,3.734375,3.2104358673095703
08-10-1999,3.703125,3.703125,344800,3.734375,3.703125,3.183570384979248
11-10-1999,3.640625,3.71875,231200,3.71875,3.664062976837158,3.149989128112793
12-10-1999,3.40625,3.632812976837158,755200,3.632812976837158,3.40625,2.92834734916687
13-10-1999,3.25,3.40625,820800,3.40625,3.257812976837158,2.8007359504699707
14-10-1999,3.25,3.289062976837158,464000,3.3125,3.3125,2.8477511405944824
15-10-1999,3.21875,3.25,530400,3.421875,3.421875,2.9417808055877686
18-10-1999,3.289062976837158,3.390625,120000,3.390625,3.375,2.9014813899993896
19-10-1999,3.34375,3.390625,560000,3.421875,3.34375,2.8746159076690674
20-10-1999,3.359375,3.375,568800,3.5,3.5,3.0089447498321533
21-10-1999,3.34375,3.46875,239200,3.476562976837158,3.351562976837158,2.881333351135254
22-10-1999,3.1875,3.382812976837158,278400,3.390625,3.1875,2.740288496017456
25-10-1999,3.21875,3.234375,742400,3.28125,3.21875,2.7671542167663574
26-10-1999,3.234375,3.234375,1067200,3.453125,3.453125,2.9686453342437744
27-10-1999,3.4375,3.515625,234400,3.546875,3.445312976837158,2.9619295597076416
28-10-1999,3.632812976837158,3.640625,1497600,4.203125,4.070312976837158,3.499241590499878
29-10-1999,4.109375,4.125,1076800,4.375,4.328125,3.720881938934326
01-11-1999,4.234375,4.25,1014400,4.4375,4.359375,3.7477478981018066
02-11-1999,4.34375,4.367187976837158,577600,4.421875,4.382812976837158,3.767897129058838
03-11-1999,4.328125,4.390625,1174400,4.546875,4.492187976837158,3.861927032470703
04-11-1999,4.390625,4.492187976837158,399200,4.5,4.484375,3.855210542678833
05-11-1999,4.28125,4.484375,776000,4.53125,4.28125,3.6805834770202637
08-11-1999,4.0625,4.203125,576000,4.234375,4.070312976837158,3.499241590499878
09-11-1999,4.0,4.007812976837158,839200,4.046875,4.03125,3.4656589031219482
10-11-1999,4.015625,4.046875,264000,4.078125,4.0625,3.4925246238708496
11-11-1999,4.0625,4.0625,288800,4.1875,4.171875,3.5865542888641357
12-11-1999,4.171875,4.171875,346400,4.359375,4.320312976837158,3.7141664028167725
15-11-1999,4.296875,4.320312976837158,220800,4.367187976837158,4.328125,3.720881938934326
16-11-1999,4.28125,4.34375,579200,4.46875,4.46875,3.8417770862579346
17-11-1999,4.46875,4.484375,316800,4.53125,4.53125,3.8955087661743164
18-11-1999,4.578125,4.578125,208000,4.640625,4.632812976837158,3.982822895050049
19-11-1999,4.664062976837158,4.664062976837158,868800,4.960937976837158,4.898437976837158,4.211178779602051
22-11-1999,4.71875,4.898437976837158,1808800,4.898437976837158,4.726562976837158,4.063420295715332
23-11-1999,4.726562976837158,4.726562976837158,360800,4.84375,4.84375,4.164164066314697
24-11-1999,4.84375,5.25,4176000,5.25,4.875,4.191030502319336
26-11-1999,5.054687976837158,5.15625,567200,5.15625,5.0625,4.352222919464111
29-11-1999,4.953125,5.09375,717600,5.09375,5.046875,4.338791370391846
30-11-1999,4.960937976837158,5.015625,654400,5.03125,5.007812976837158,4.305209159851074
01-12-1999,5.0,5.03125,1146400,5.140625,5.125,4.405954837799072
02-12-1999,5.039062976837158,5.109375,980000,5.117187976837158,5.070312976837158,4.358940601348877
03-12-1999,5.046875,5.0625,698400,5.140625,5.09375,4.379088401794434
06-12-1999,5.125,5.125,1623200,5.234375,5.234375,4.499983787536621
07-12-1999,5.234375,5.234375,763200,5.46875,5.4375,4.674609184265137
08-12-1999,5.421875,5.4375,700800,5.53125,5.460937976837158,4.694758892059326
09-12-1999,5.453125,5.46875,1221600,5.875,5.78125,4.970131874084473
10-12-1999,5.59375,5.84375,1852800,5.96875,5.617187976837158,4.8290863037109375
13-12-1999,5.5,5.6875,364800,5.703125,5.546875,4.76863956451416
14-12-1999,5.390625,5.53125,286400,5.53125,5.4375,4.674609184265137
15-12-1999,5.171875,5.375,1056800,5.375,5.25,4.513416767120361
16-12-1999,5.0,5.25,200800,5.25,5.0,4.298492431640625
17-12-1999,4.882812976837158,5.0,371200,5.015625,5.0,4.298492431640625
20-12-1999,4.976562976837158,5.0,352000,5.1875,5.171875,4.446252822875977
21-12-1999,5.09375,5.171875,322400,5.203125,5.203125,4.473117351531982
22-12-1999,5.03125,5.203125,450400,5.210937976837158,5.03125,4.325357913970947
23-12-1999,5.03125,5.03125,232000,5.125,5.078125,4.36565637588501
27-12-1999,5.09375,5.117187976837158,255200,5.125,5.101562976837158,4.385804653167725
28-12-1999,4.984375,5.101562976837158,512800,5.101562976837158,5.03125,4.325357913970947
29-12-1999,4.890625,5.03125,568800,5.03125,4.890625,4.204461574554443
30-12-1999,4.890625,4.90625,114400,5.015625,4.976562976837158,4.278343200683594
31-12-1999,5.0,5.0,362400,5.28125,5.21875,4.486550331115723
03-01-2000,5.0625,5.28125,770400,5.28125,5.109375,4.392522811889648
04-01-2000,5.046875,5.0625,620800,5.125,5.085937976837158,4.372372150421143
05-01-2000,4.992187976837158,5.078125,845600,5.109375,5.085937976837158,4.372372150421143
06-01-2000,5.0625,5.085937976837158,265600,5.125,5.09375,4.379088401794434
07-01-2000,5.09375,5.109375,1012800,5.148437976837158,5.109375,4.392522811889648
10-01-2000,5.0625,5.140625,973600,5.171875,5.171875,4.446252822875977
11-01-2000,5.171875,5.28125,300800,5.375,5.203125,4.473117351531982
12-01-2000,5.0625,5.21875,419200,5.21875,5.109375,4.392522811889648
13-01-2000,5.109375,5.109375,1065600,5.4375,5.421875,4.6611785888671875
14-01-2000,5.296875,5.375,999200,5.5,5.304687976837158,4.560431957244873
18-01-2000,5.375,5.375,903200,5.609375,5.609375,4.82236909866333
19-01-2000,5.625,5.625,996800,5.742187976837158,5.734375,4.929832458496094
20-01-2000,5.796875,5.828125,563200,6.046875,6.046875,5.198488712310791
21-01-2000,6.125,6.125,1504000,6.890625,6.8125,5.85669469833374
24-01-2000,6.78125,6.8125,1003200,7.125,6.859375,5.896993160247803
25-01-2000,6.171875,6.875,2020000,6.875,6.242187976837158,5.366397857666016
26-01-2000,5.828125,6.257812976837158,1252000,6.257812976837158,5.984375,5.14475679397583
27-01-2000,5.5,5.984375,848800,5.984375,5.59375,4.808938503265381
28-01-2000,5.40625,5.59375,2183200,5.804687976837158,5.5,4.728341579437256
31-01-2000,5.265625,5.5,964800,5.5,5.375,4.62087869644165
01-02-2000,5.3125,5.34375,1068800,5.5625,5.546875,4.76863956451416
02-02-2000,5.3125,5.539062976837158,312000,5.703125,5.34375,4.594012260437012
03-02-2000,6.0,6.234375,2494400,6.5,6.382812976837158,5.4872941970825195
04-02-2000,6.484375,6.5,2258400,6.96875,6.820312976837158,5.863411903381348
07-02-2000,6.828125,6.828125,1303200,7.46875,6.9375,5.964157581329346
08-02-2000,6.71875,6.9375,1018400,7.09375,7.0,6.017889499664307
09-02-2000,7.125,7.125,1652000,7.46875,7.320312976837158,6.2932610511779785
10-02-2000,7.320312976837158,7.320312976837158,823200,7.625,7.625,6.55519962310791
11-02-2000,7.09375,7.625,446400,7.625,7.1875,6.179080963134766
14-02-2000,7.1875,7.1875,395200,7.25,7.210937976837158,6.19923210144043
15-02-2000,7.070312976837158,7.234375,536000,7.234375,7.078125,6.085052967071533
16-02-2000,7.0,7.109375,235200,7.140625,7.070312976837158,6.078336715698242
17-02-2000,7.0625,7.140625,860000,7.171875,7.109375,6.111917972564697
18-02-2000,7.09375,7.109375,677600,7.195312976837158,7.15625,6.15221643447876
22-02-2000,7.140625,7.234375,747200,7.445312976837158,7.421875,6.3805742263793945
23-02-2000,7.265625,7.390625,1535200,7.5,7.460937976837158,6.414156436920166
24-02-2000,7.546875,7.546875,1708800,8.75,8.578125,7.374601364135742
25-02-2000,8.296875,8.625,2537600,9.125,8.515625,7.320868968963623
28-02-2000,8.84375,8.96875,1039200,9.273438453674316,9.25,7.952208518981934
29-02-2000,9.226563453674316,9.59375,2193600,9.59375,9.328125,8.019372940063477
01-03-2000,9.5,9.625,1716000,9.90625,9.882813453674316,8.496238708496094
02-03-2000,9.664063453674316,10.015625,1100000,10.046875,9.8125,8.435789108276367
03-03-2000,9.6875,9.71875,696800,9.84375,9.703125,8.341758728027344
06-03-2000,9.625,9.703125,707200,9.867188453674316,9.867188453674316,8.482806205749512
07-03-2000,9.5625,9.875,768000,9.9375,9.648438453674316,8.294750213623047
08-03-2000,9.132813453674316,9.515625,1144000,9.640625,9.640625,8.288031578063965
09-03-2000,9.75,9.75,623200,9.921875,9.875,8.489521026611328
10-03-2000,9.375,9.875,586400,9.875,9.40625,8.086536407470703
13-03-2000,9.023438453674316,9.28125,644000,9.359375,9.09375,7.817878246307373
14-03-2000,7.25,8.859375,2542400,8.859375,7.5,6.447738170623779
15-03-2000,7.46875,7.5,1606400,8.4375,8.3125,7.146241664886475
16-03-2000,8.5,8.5,720000,9.1875,9.1875,7.89847993850708
17-03-2000,9.0,9.09375,553600,9.15625,9.125,7.844748020172119
20-03-2000,9.039063453674316,9.0625,345600,9.132813453674316,9.09375,7.817878246307373
21-03-2000,8.96875,9.0625,534400,9.234375,9.234375,7.938777923583984
22-03-2000,9.234375,9.234375,686400,9.921875,9.90625,8.516387939453125
23-03-2000,9.859375,9.90625,1524000,10.171875,9.875,8.489521026611328
24-03-2000,8.78125,9.84375,1370400,9.84375,8.882813453674316,7.636540412902832
27-03-2000,8.5,9.054688453674316,1789600,9.164063453674316,8.5,7.307436943054199
28-03-2000,8.71875,8.71875,1624800,9.15625,9.085938453674316,7.8111653327941895
29-03-2000,8.609375,9.085938453674316,860000,9.1875,8.625,7.414896488189697
30-03-2000,8.4375,8.4375,1351200,8.867188453674316,8.695313453674316,7.475347518920898
31-03-2000,8.78125,8.78125,804000,8.96875,8.921875,7.670122146606445
03-04-2000,9.03125,9.03125,407200,9.75,9.21875,7.9253458976745605
04-04-2000,7.5,9.21875,594400,9.21875,7.90625,6.796990394592285
05-04-2000,7.984375,8.1875,1262400,8.96875,8.75,7.522361755371094
06-04-2000,8.28125,8.75,311600,8.765625,8.34375,7.1731085777282715
07-04-2000,8.40625,8.5625,170800,8.625,8.546875,7.347733020782471
10-04-2000,8.515625,8.515625,539600,9.4375,9.109375,7.8313117027282715
11-04-2000,8.1875,9.40625,672400,9.65625,8.3125,7.146241664886475
12-04-2000,8.0625,8.4375,326000,8.6875,8.0625,6.9313178062438965
13-04-2000,7.1875,8.0625,734000,8.15625,7.28125,6.259677410125732
14-04-2000,7.28125,7.3125,1764000,7.40625,7.375,6.340274810791016
17-04-2000,7.0625,7.0625,695600,7.625,7.359375,6.32684326171875
18-04-2000,7.453125,7.453125,335200,8.59375,8.59375,7.388031005859375
19-04-2000,8.1875,8.3125,311200,8.5625,8.3125,7.146241664886475
20-04-2000,7.921875,8.3125,163600,8.46875,7.953125,6.837287902832031
24-04-2000,6.6875,7.953125,734000,7.953125,6.75,5.802962779998779
25-04-2000,7.125,7.125,664400,7.6875,7.609375,6.54176664352417
26-04-2000,7.75,7.75,862800,8.46875,8.46875,7.280571460723877
27-04-2000,8.25,8.40625,522000,8.625,8.46875,7.280571460723877
28-04-2000,8.5,8.65625,438800,8.9375,8.5,7.307436943054199
01-05-2000,8.875,8.875,456800,9.65625,9.515625,8.180566787719727
02-05-2000,8.9375,9.53125,670400,9.53125,9.0,7.737286567687988
03-05-2000,6.59375,7.25,3587200,7.40625,6.96875,5.991024017333984
04-05-2000,6.828125,7.25,2602400,7.3125,6.96875,5.991024017333984
05-05-2000,6.921875,6.96875,2062800,7.1875,7.1875,6.179080963134766
08-05-2000,7.0,7.3125,1139600,7.375,7.09375,6.098484516143799
09-05-2000,6.84375,7.125,457600,7.125,6.9375,5.964157581329346
10-05-2000,6.625,6.875,487200,6.875,6.625,5.695502281188965
11-05-2000,6.25,6.5625,626800,6.625,6.25,5.373114109039307
12-05-2000,6.0,6.25,1312800,6.34375,6.03125,5.185055255889893
15-05-2000,5.859375,6.015625,1875200,6.53125,6.53125,5.61490535736084
16-05-2000,6.15625,6.5,1351600,6.5,6.171875,5.305951118469238
17-05-2000,6.171875,6.21875,1874800,6.296875,6.25,5.373114109039307
18-05-2000,6.21875,6.21875,1298400,6.359375,6.25,5.373114109039307
19-05-2000,6.1875,6.203125,405200,6.25,6.25,5.373114109039307
22-05-2000,6.0,6.25,1070000,6.34375,6.0,5.15818977355957
23-05-2000,5.8125,6.0625,573600,6.0625,5.9375,5.104459285736084
24-05-2000,5.71875,5.9375,311600,5.9375,5.734375,4.929832458496094
25-05-2000,5.5,5.796875,343200,5.875,5.53125,4.755206108093262
26-05-2000,4.9375,5.5,800800,5.65625,5.5,4.728341579437256
30-05-2000,5.625,5.6875,528400,6.03125,5.96875,5.13132381439209
31-05-2000,5.78125,5.9375,758000,6.0,6.0,5.15818977355957
01-06-2000,6.09375,6.125,319600,6.21875,6.09375,5.238786697387695
02-06-2000,6.25,6.3125,1111600,6.5,6.328125,5.440279960632324
05-06-2000,6.453125,6.453125,384400,6.734375,6.71875,5.776096820831299
06-06-2000,6.890625,6.9375,314400,7.203125,6.90625,5.937290668487549
07-06-2000,6.40625,7.0,930800,7.03125,6.59375,5.668635845184326
08-06-2000,6.46875,6.65625,331600,6.6875,6.484375,5.574606895446777
09-06-2000,6.5,6.53125,405200,6.65625,6.546875,5.628337383270264
12-06-2000,6.3125,6.53125,143200,6.53125,6.359375,5.467143535614014
13-06-2000,6.375,6.375,452800,6.78125,6.78125,5.829831600189209
14-06-2000,7.0,7.0,1262000,7.8125,7.5,6.447738170623779
15-06-2000,7.46875,7.5,626000,7.78125,7.640625,6.56863260269165
16-06-2000,7.1875,7.625,637200,7.640625,7.25,6.232813835144043
19-06-2000,7.3125,7.3125,835200,7.71875,7.5625,6.501470565795898
20-06-2000,7.5,7.65625,629600,7.8125,7.640625,6.56863260269165
21-06-2000,7.46875,7.65625,1152000,7.75,7.484375,6.4343061447143555
22-06-2000,7.171875,7.484375,668000,7.484375,7.296875,6.273112773895264
23-06-2000,5.53125,6.6875,4752800,6.6875,6.0,5.15818977355957
26-06-2000,6.0,6.0,1753200,6.5625,6.421875,5.520876884460449
27-06-2000,6.5,6.625,666400,6.90625,6.65625,5.722368240356445
28-06-2000,6.6875,6.78125,621600,6.875,6.84375,5.883561611175537
29-06-2000,6.5625,7.0,1489600,7.0,6.6875,5.749231815338135
30-06-2000,6.59375,6.6875,510000,6.875,6.6875,5.749231815338135
03-07-2000,6.46875,6.65625,479600,6.65625,6.46875,5.561174392700195
05-07-2000,6.5625,6.75,974000,6.84375,6.59375,5.668635845184326
06-07-2000,6.625,6.6875,660800,6.6875,6.640625,5.708934783935547
07-07-2000,6.546875,6.640625,764000,6.671875,6.640625,5.708934783935547
10-07-2000,6.5625,6.640625,1001200,6.8125,6.59375,5.668635845184326
11-07-2000,6.0,6.625,1266000,6.625,6.15625,5.2925190925598145
12-07-2000,6.171875,6.1875,2238000,6.359375,6.28125,5.399980068206787
13-07-2000,6.21875,6.25,1490800,6.46875,6.453125,5.547741413116455
14-07-2000,6.5,6.59375,618400,6.59375,6.5625,5.641770839691162
17-07-2000,6.765625,6.8125,978400,6.96875,6.96875,5.991024017333984
18-07-2000,6.875,6.875,1027600,7.125,7.109375,6.111917972564697
19-07-2000,6.875,7.0625,620800,7.078125,6.90625,5.937290668487549
20-07-2000,6.75,6.90625,1067600,6.90625,6.765625,5.8163957595825195
21-07-2000,6.640625,6.765625,468000,6.765625,6.640625,5.708934783935547
24-07-2000,6.59375,6.65625,549200,6.75,6.6875,5.749231815338135
25-07-2000,6.75,6.75,686800,7.03125,7.03125,6.0447540283203125
26-07-2000,6.96875,7.03125,1007600,7.53125,7.25,6.232813835144043
27-07-2000,7.15625,7.53125,1550000,7.71875,7.171875,6.165648460388184
28-07-2000,6.75,7.25,799600,7.375,7.0,6.017889499664307
31-07-2000,6.765625,7.1875,638000,7.3125,6.9375,5.964157581329346
01-08-2000,6.953125,6.984375,568400,7.3125,7.234375,6.2193803787231445
02-08-2000,7.4375,7.5625,2278400,7.75,7.65625,6.582065105438232
03-08-2000,8.09375,8.1875,2596800,8.5625,8.46875,7.280571460723877
04-08-2000,8.359375,8.5,947600,8.625,8.46875,7.280571460723877
07-08-2000,8.125,8.46875,554400,8.46875,8.203125,7.052213191986084
08-08-2000,7.90625,8.203125,566400,8.203125,8.0,6.877586841583252
09-08-2000,7.25,7.8125,2873600,7.8125,7.484375,6.4343061447143555
10-08-2000,7.640625,7.6875,1548400,8.65625,8.3125,7.146241664886475
11-08-2000,8.5,8.75,1200000,9.1875,8.734375,7.50892972946167
14-08-2000,8.40625,8.59375,704400,8.625,8.453125,7.267138957977295
15-08-2000,8.390625,8.515625,593200,8.6875,8.46875,7.280571460723877
16-08-2000,8.53125,8.53125,740000,8.625,8.625,7.414896488189697
17-08-2000,8.609375,8.625,638800,8.71875,8.71875,7.495495796203613
18-08-2000,8.65625,8.75,1279200,8.78125,8.703125,7.482062339782715
21-08-2000,8.703125,8.703125,697200,8.890625,8.828125,7.5895233154296875
22-08-2000,8.421875,8.828125,1519200,8.90625,8.5,7.307436943054199
23-08-2000,8.375,8.5,532000,8.5625,8.421875,7.240272521972656
24-08-2000,8.46875,8.5,335200,8.8125,8.75,7.522361755371094
25-08-2000,8.53125,8.765625,385600,8.859375,8.796875,7.562658309936523
28-08-2000,8.8125,8.9375,494400,9.09375,9.0,7.737286567687988
29-08-2000,8.65625,8.9375,176800,8.9375,8.671875,7.455196380615234
30-08-2000,8.296875,8.671875,753200,8.6875,8.6875,7.468628883361816
31-08-2000,8.84375,8.90625,391200,9.203125,9.203125,7.911911487579346
01-09-2000,9.3125,9.3125,847200,9.625,9.59375,8.24773120880127
05-09-2000,9.15625,9.5,348000,9.5,9.328125,8.019372940063477
06-09-2000,9.0,9.3125,440400,9.3125,9.109375,7.8313117027282715
07-09-2000,8.875,9.0,311200,9.09375,9.09375,7.817878246307373
08-09-2000,9.0,9.15625,235600,9.203125,9.0,7.737286567687988
11-09-2000,9.09375,9.125,199200,9.28125,9.28125,7.979075908660889
12-09-2000,9.109375,9.375,232000,9.375,9.125,7.844748020172119
13-09-2000,8.875,9.171875,473600,9.171875,8.90625,7.656686782836914
14-09-2000,9.09375,9.125,225200,9.296875,9.28125,7.979075908660889
15-09-2000,8.84375,9.28125,460800,9.40625,9.0,7.737286567687988
18-09-2000,8.71875,9.0,616000,9.0,8.734375,7.50892972946167
19-09-2000,8.515625,8.734375,555600,9.0625,9.046875,7.777585029602051
20-09-2000,8.40625,8.78125,618800,8.84375,8.40625,7.226840496063232
21-09-2000,8.25,8.46875,324400,8.5,8.40625,7.226840496063232
22-09-2000,8.390625,8.4375,248400,8.734375,8.734375,7.50892972946167
25-09-2000,8.734375,8.734375,1089200,9.0,8.8125,7.576090335845947
26-09-2000,7.53125,8.8125,3814800,8.8125,8.0625,6.9313178062438965
27-09-2000,7.59375,8.0,1255200,8.09375,7.984375,6.86415433883667
28-09-2000,7.5625,7.984375,1093200,8.109375,8.09375,6.958184242248535
29-09-2000,7.703125,8.03125,1388800,8.21875,7.8125,6.71639347076416
02-10-2000,7.4375,7.65625,2127600,7.71875,7.6875,6.6089301109313965
03-10-2000,7.5625,7.6875,1146000,7.6875,7.625,6.55519962310791
04-10-2000,6.625,7.53125,4099600,7.59375,7.0,6.017889499664307
05-10-2000,6.328125,7.125,3240000,7.125,6.5625,5.641770839691162
06-10-2000,5.96875,6.5,3660800,6.75,6.75,5.802962779998779
09-10-2000,6.4375,6.75,1304400,6.890625,6.890625,5.923858165740967
10-10-2000,6.65625,6.75,1160000,7.15625,7.09375,6.098484516143799
11-10-2000,6.90625,7.109375,935600,7.34375,7.203125,6.192514896392822
12-10-2000,6.875,7.25,2144800,7.265625,6.921875,5.950725078582764
13-10-2000,6.609375,6.75,1653200,7.25,7.234375,6.2193803787231445
16-10-2000,7.21875,7.234375,400000,7.398437976837158,7.28125,6.259677410125732
17-10-2000,6.90625,7.296875,1067600,7.328125,7.21875,6.205947399139404
18-10-2000,6.96875,7.09375,1006800,7.125,7.0,6.017889499664307
19-10-2000,6.984375,7.09375,252000,7.234375,7.21875,6.205947399139404
20-10-2000,7.25,7.25,599600,7.875,7.59375,6.528334617614746
23-10-2000,7.25,7.703125,640000,7.796875,7.46875,6.420871734619141
24-10-2000,7.390625,7.53125,501600,7.75,7.59375,6.528334617614746
25-10-2000,7.0,7.578125,984800,7.578125,7.03125,6.0447540283203125
26-10-2000,6.984375,7.40625,1670800,7.40625,7.21875,6.205947399139404
27-10-2000,6.75,7.21875,525200,7.21875,6.90625,5.937290668487549
30-10-2000,6.3125,7.03125,1884400,7.03125,6.4375,5.534308433532715
31-10-2000,6.265625,6.4375,2250000,6.703125,6.375,5.480576992034912
01-11-2000,6.390625,6.390625,3124000,7.46875,7.296875,6.273112773895264
02-11-2000,7.265625,7.28125,2198800,8.875,8.3125,7.146241664886475
03-11-2000,8.0625,8.3125,2614400,9.375,8.90625,7.656686782836914
06-11-2000,8.0,8.9375,1380000,8.9375,8.15625,7.01191520690918
07-11-2000,7.90625,8.1875,502400,8.515625,8.125,6.985049247741699
08-11-2000,8.234375,8.25,386800,8.46875,8.4375,7.253705978393555
09-11-2000,8.4375,8.5625,324800,8.78125,8.78125,7.549227237701416
10-11-2000,8.546875,8.78125,477200,8.921875,8.578125,7.374601364135742
13-11-2000,7.96875,8.5625,496800,8.5625,8.390625,7.213404655456543
14-11-2000,8.375,8.375,228400,8.765625,8.5,7.307436943054199
15-11-2000,8.15625,8.5,384800,8.65625,8.65625,7.441763877868652
16-11-2000,8.4375,8.65625,931600,8.8125,8.46875,7.280571460723877
17-11-2000,7.875,8.53125,578400,8.53125,8.125,6.985049247741699
20-11-2000,7.640625,8.21875,658800,8.234375,8.234375,7.079078674316406
21-11-2000,8.0625,8.171875,999600,8.28125,8.1875,7.038780689239502
22-11-2000,8.015625,8.171875,434400,8.25,8.25,7.092510223388672
24-11-2000,8.15625,8.25,699600,8.9375,8.6875,7.468628883361816
27-11-2000,8.84375,8.9375,707200,9.234375,9.234375,7.938777923583984
28-11-2000,8.46875,9.171875,514000,9.171875,8.515625,7.320868968963623
29-11-2000,8.28125,8.546875,414800,8.625,8.625,7.414896488189697
30-11-2000,8.65625,8.65625,858400,9.03125,8.765625,7.535794258117676
01-12-2000,8.765625,8.765625,343600,9.125,9.09375,7.817878246307373
04-12-2000,8.78125,9.1875,1321600,9.40625,8.78125,7.549227237701416
05-12-2000,8.953125,9.125,1222800,9.21875,9.0,7.737286567687988
06-12-2000,8.78125,9.03125,777200,9.0625,8.8125,7.576090335845947
07-12-2000,8.78125,8.78125,325200,8.953125,8.9375,7.683554172515869
08-12-2000,8.921875,8.921875,460000,9.1875,9.15625,7.871612548828125
11-12-2000,9.25,9.34375,768400,9.46875,9.296875,7.992508411407471
12-12-2000,9.140625,9.296875,396400,9.296875,9.15625,7.871612548828125
13-12-2000,9.1875,9.1875,411200,9.3125,9.203125,7.911911487579346
14-12-2000,8.890625,9.234375,864000,9.296875,8.890625,7.643255710601807
15-12-2000,8.828125,8.84375,1232800,9.46875,9.40625,8.086536407470703
18-12-2000,9.375,9.5,364000,9.671875,9.46875,8.140270233154297
19-12-2000,9.3125,9.4375,316400,9.5625,9.46875,8.140270233154297
20-12-2000,9.375,9.484375,406000,9.625,9.46875,8.140270233154297
21-12-2000,9.375,9.53125,320000,9.59375,9.453125,8.126839637756348
22-12-2000,9.5,9.5,887600,10.28125,10.25,8.811909675598145
26-12-2000,10.265625,10.34375,720400,10.71875,10.265625,8.825338363647461
27-12-2000,9.828125,10.125,786400,10.375,9.828125,8.449224472045898
28-12-2000,9.71875,9.71875,651200,10.375,10.375,8.91937255859375
29-12-2000,9.890625,10.375,782400,10.609375,9.96875,8.570116996765137
02-01-2001,9.828125,10.03125,709600,10.109375,9.84375,8.462654113769531
03-01-2001,10.0,10.0,1550800,10.75,10.75,9.2417573928833
04-01-2001,9.6875,10.75,1487200,10.78125,9.953125,8.556685447692871
05-01-2001,9.5625,9.90625,982000,9.921875,9.671875,8.314894676208496
08-01-2001,9.625,9.671875,595600,9.875,9.8125,8.435789108276367
09-01-2001,9.71875,9.796875,516000,9.9375,9.9375,8.543251037597656
10-01-2001,9.96875,10.0,483600,10.1875,10.09375,8.677582740783691
11-01-2001,10.09375,10.140625,936400,10.28125,10.15625,8.73131275177002
12-01-2001,10.171875,10.21875,581200,10.40625,10.171875,8.744743347167969
16-01-2001,10.078125,10.21875,844000,10.421875,10.078125,8.66414737701416
17-01-2001,10.03125,10.1875,413600,10.34375,10.03125,8.623847961425781
18-01-2001,10.09375,10.09375,374400,10.375,10.375,8.91937255859375
19-01-2001,10.28125,10.375,516000,10.5625,10.53125,9.053699493408203
22-01-2001,10.5,10.5,493600,10.734375,10.65625,9.16115951538086
23-01-2001,10.625,10.625,1090000,10.84375,10.71875,9.214892387390137
24-01-2001,10.640625,10.78125,837200,10.8125,10.671875,9.174592971801758
25-01-2001,10.578125,10.59375,755600,10.8125,10.625,9.134291648864746
26-01-2001,10.203125,10.640625,509200,10.640625,10.3125,8.865639686584473
29-01-2001,10.078125,10.3125,613200,10.31640625,10.265625,8.825338363647461
30-01-2001,10.335938453674316,10.375,398800,10.46875,10.42578125,8.963030815124512
31-01-2001,10.25,10.375,647200,10.5,10.5,9.026833534240723
01-02-2001,10.43359375,10.460938453674316,534000,10.68359375,10.67578125,9.17795181274414
02-02-2001,10.67578125,10.67578125,1498000,11.0625,10.92578125,9.392879486083984
05-02-2001,10.75,11.05078125,1123200,11.34765625,10.851563453674316,9.329069137573242
06-02-2001,9.87890625,10.5,1567200,10.5,10.375,8.91937255859375
07-02-2001,10.37890625,10.4375,304400,10.69921875,10.63671875,9.144368171691895
08-02-2001,10.625,10.6875,425200,10.75,10.726563453674316,9.221609115600586
09-02-2001,10.664063453674316,10.789063453674316,1018800,10.828125,10.82421875,9.30556583404541
12-02-2001,10.921875,10.92578125,446000,11.335938453674316,11.24609375,9.668249130249023
13-02-2001,11.24609375,11.24609375,873200,11.75390625,11.726563453674316,10.081307411193848
14-02-2001,11.32421875,11.523438453674316,1115600,11.523438453674316,11.48828125,9.876456260681152
15-02-2001,11.25,11.273438453674316,313600,11.39453125,11.26953125,9.688399314880371
16-02-2001,10.9375,11.25,249200,11.25,11.05078125,9.500338554382324
20-02-2001,11.164063453674316,11.164063453674316,423600,11.37109375,11.26171875,9.681682586669922
21-02-2001,11.19921875,11.19921875,407200,11.51171875,11.42578125,9.822724342346191
22-02-2001,11.44921875,11.44921875,517200,11.8125,11.75,10.101456642150879
23-02-2001,11.148438453674316,11.726563453674316,742000,11.726563453674316,11.460938453674316,9.852950096130371
26-02-2001,11.414063453674316,11.453125,482000,11.5625,11.484375,9.873100280761719
27-02-2001,11.4375,11.460938453674316,797600,11.57421875,11.476563453674316,9.866382598876953
28-02-2001,11.226563453674316,11.5,833600,11.5625,11.23828125,9.661535263061523
01-03-2001,11.13671875,11.25,482000,11.30078125,11.273438453674316,9.691755294799805
02-03-2001,11.101563453674316,11.11328125,419200,11.523438453674316,11.351563453674316,9.758919715881348
05-03-2001,11.19140625,11.351563453674316,207600,11.351563453674316,11.234375,9.658171653747559
06-03-2001,11.08203125,11.34765625,230800,11.351563453674316,11.08203125,9.527205467224121
07-03-2001,11.039063453674316,11.085938453674316,738000,11.13671875,11.07421875,9.520487785339355
08-03-2001,10.37890625,11.023438453674316,1050400,11.02734375,10.476563453674316,9.006684303283691
09-03-2001,9.88671875,10.42578125,1409600,10.55078125,9.92578125,8.533178329467773
12-03-2001,9.66796875,9.92578125,742800,9.92578125,9.74609375,8.378698348999023
13-03-2001,9.5,9.507813453674316,471600,9.789063453674316,9.710938453674316,8.348477363586426
14-03-2001,9.0625,9.69921875,1024800,9.80859375,9.164063453674316,7.878329753875732
15-03-2001,9.25390625,9.48828125,839600,9.5,9.42578125,8.103327751159668
16-03-2001,9.5,9.5,1290000,9.664063453674316,9.62109375,8.271238327026367
19-03-2001,9.53125,9.61328125,679600,9.86328125,9.8125,8.435789108276367
20-03-2001,9.76171875,10.0,657200,10.03125,9.76171875,8.392133712768555
21-03-2001,9.273438453674316,9.75,989600,9.75,9.51171875,8.17720890045166
22-03-2001,9.07421875,9.4375,475600,9.44140625,9.25,7.952208518981934
23-03-2001,9.30078125,9.30078125,418400,9.5,9.492188453674316,8.160416603088379
26-03-2001,9.164063453674316,9.5625,902400,9.63671875,9.460938453674316,8.133554458618164
27-03-2001,9.273438453674316,9.492188453674316,603200,9.53125,9.5,8.167135238647461
28-03-2001,9.375,9.5,1094800,9.601563453674316,9.5,8.167135238647461
29-03-2001,9.5625,9.57421875,793200,10.19140625,10.039063453674316,8.630565643310547
30-03-2001,9.875,10.039063453674316,643200,10.16015625,10.101563453674316,8.684295654296875
02-04-2001,9.76171875,10.101563453674316,615200,10.101563453674316,9.835938453674316,8.455940246582031
03-04-2001,9.453125,9.851563453674316,1280800,9.851563453674316,9.476563453674316,8.146987915039062
04-04-2001,9.460938453674316,9.5,743600,9.601563453674316,9.554688453674316,8.214149475097656
05-04-2001,9.804688453674316,9.875,1280800,9.99609375,9.898438453674316,8.509672164916992
06-04-2001,9.55078125,9.87109375,488800,9.87109375,9.57421875,8.230938911437988
09-04-2001,9.699999809265137,9.725000381469727,849600,9.904999732971191,9.875,8.489521026611328
10-04-2001,10.0,10.0,561200,10.40250015258789,10.242500305175781,8.805459976196289
11-04-2001,10.175000190734863,10.425000190734863,832800,10.625,10.305000305175781,8.859193801879883
12-04-2001,10.337499618530273,10.337499618530273,641200,11.0,10.975000381469727,9.43519115447998
16-04-2001,10.5,10.850000381469727,330800,10.850000381469727,10.642499923706055,9.14933967590332
17-04-2001,10.350000381469727,10.350000381469727,838000,10.699999809265137,10.6875,9.188024520874023
18-04-2001,10.6875,10.75,650000,11.162500381469727,10.75,9.2417573928833
19-04-2001,10.725000381469727,10.75,767200,10.875,10.875,9.349218368530273
20-04-2001,10.375,10.8125,383200,10.8125,10.625,9.134291648864746
23-04-2001,10.175000190734863,10.5625,503600,10.637499809265137,10.225000381469727,8.790417671203613
24-04-2001,10.125,10.287500381469727,346800,10.345000267028809,10.225000381469727,8.790417671203613
25-04-2001,10.199999809265137,10.199999809265137,528800,10.875,10.795000076293945,9.28044605255127
26-04-2001,10.75,10.787500381469727,366800,10.944999694824219,10.779999732971191,9.267548561096191
27-04-2001,10.9375,10.9375,335600,11.125,11.037500381469727,9.488924026489258
30-04-2001,11.199999809265137,11.199999809265137,492800,11.425000190734863,11.199999809265137,9.628622055053711
01-05-2001,11.149999618530273,11.199999809265137,247600,11.369999885559082,11.350000381469727,9.757575988769531
02-05-2001,11.827500343322754,12.975000381469727,7337600,14.0,13.699999809265137,11.777868270874023
03-05-2001,12.75,13.274999618530273,2482000,13.524999618530273,12.774999618530273,10.982645988464355
04-05-2001,12.462499618530273,12.524999618530273,1471200,12.824999809265137,12.729999542236328,10.94395923614502
07-05-2001,12.432499885559082,12.6875,1074800,12.699999809265137,12.550000190734863,10.789214134216309
08-05-2001,12.452500343322754,12.5,2200800,13.085000038146973,13.082500457763672,11.247005462646484
09-05-2001,13.1875,13.225000381469727,3261200,14.739999771118164,14.074999809265137,12.10025405883789
10-05-2001,13.75,14.0,1836400,14.387499809265137,13.925000190734863,11.971301078796387
11-05-2001,13.300000190734863,13.8125,660800,13.8125,13.395000457763672,11.51565933227539
14-05-2001,13.412500381469727,13.420000076293945,835200,13.725000381469727,13.5625,11.659663200378418
15-05-2001,13.425000190734863,13.5625,1120000,13.742500305175781,13.442500114440918,11.556496620178223
16-05-2001,13.475000381469727,13.5,1512800,14.0,13.725000381469727,11.799363136291504
17-05-2001,13.699999809265137,13.699999809265137,992000,14.305000305175781,14.125,12.143240928649902
18-05-2001,13.837499618530273,13.837499618530273,814800,14.112500190734863,13.987500190734863,12.025031089782715
21-05-2001,13.899999618530273,13.987500190734863,1422000,14.537500381469727,14.420000076293945,12.396852493286133
22-05-2001,14.050000190734863,14.199999809265137,847200,14.244999885559082,14.050000190734863,12.078763961791992
23-05-2001,13.3774995803833,13.837499618530273,1160800,13.837499618530273,13.412500381469727,11.530705451965332
24-05-2001,13.15250015258789,13.287500381469727,483600,13.397500038146973,13.202500343322754,11.350170135498047
25-05-2001,13.112500190734863,13.225000381469727,505600,13.385000228881836,13.199999809265137,11.34801959991455
29-05-2001,13.199999809265137,13.199999809265137,1120400,13.625,13.537500381469727,11.638165473937988
30-05-2001,13.675000190734863,13.675000190734863,1663200,14.550000190734863,14.149999618530273,12.164730072021484
31-05-2001,13.649999618530273,14.0,640800,14.0625,13.649999618530273,11.734882354736328
01-06-2001,13.487500190734863,13.65250015258789,970000,13.725000381469727,13.595000267028809,11.687600135803223
04-06-2001,13.625,13.625,486400,14.0625,13.90999984741211,11.958403587341309
05-06-2001,13.4375,13.90999984741211,1427200,13.90999984741211,13.625,11.71338939666748
06-06-2001,13.25,13.5,820800,13.5,13.3125,11.44473648071289
07-06-2001,13.1875,13.25,986000,13.862500190734863,13.569999694824219,11.666105270385742
08-06-2001,13.4375,13.569999694824219,245600,13.569999694824219,13.449999809265137,11.562942504882812
11-06-2001,12.850000381469727,13.462499618530273,818000,13.462499618530273,12.90250015258789,11.09225845336914
12-06-2001,12.449999809265137,12.90250015258789,3141200,12.90250015258789,12.725000381469727,10.93966293334961
13-06-2001,12.5625,13.0,2782800,13.0,12.837499618530273,11.036378860473633
14-06-2001,12.5625,12.84000015258789,4173200,12.862500190734863,12.625,10.853693962097168
15-06-2001,12.4375,12.625,6562800,13.007499694824219,12.994999885559082,11.17177963256836
18-06-2001,12.975000381469727,13.037500381469727,1993600,13.324999809265137,13.079999923706055,11.244855880737305
19-06-2001,13.199999809265137,13.225000381469727,780400,13.5,13.300000190734863,11.43398666381836
20-06-2001,12.850000381469727,12.875,1478400,13.4350004196167,13.3125,11.44473648071289
21-06-2001,13.09749984741211,13.375,495600,13.449999809265137,13.149999618530273,11.305031776428223
22-06-2001,12.645000457763672,13.100000381469727,966400,13.125,12.824999809265137,11.02563190460205
25-06-2001,12.837499618530273,12.837499618530273,758400,13.125,12.944999694824219,11.12879467010498
26-06-2001,12.657500267028809,12.8125,849600,13.0,12.824999809265137,11.02563190460205
27-06-2001,12.725000381469727,12.827500343322754,1059200,12.987500190734863,12.979999542236328,11.15888786315918
28-06-2001,12.9350004196167,13.100000381469727,536800,13.194999694824219,12.9375,11.12234878540039
29-06-2001,12.637499809265137,12.9375,2882800,13.487500190734863,12.637499809265137,10.864437103271484
02-07-2001,12.662500381469727,12.670000076293945,1502000,12.920000076293945,12.757499694824219,10.96760082244873
03-07-2001,12.787500381469727,12.787500381469727,372400,13.137499809265137,13.100000381469727,11.26205062866211
05-07-2001,12.755000114440918,12.850000381469727,754800,13.092499732971191,13.050000190734863,11.219063758850098
06-07-2001,12.649999618530273,13.0625,950400,13.0625,12.725000381469727,10.93966293334961
09-07-2001,12.675000190734863,12.744999885559082,447600,12.949999809265137,12.949999809265137,11.13309383392334
10-07-2001,12.5,12.899999618530273,422800,12.899999618530273,12.542499542236328,10.782764434814453
11-07-2001,12.582500457763672,12.600000381469727,686000,12.699999809265137,12.699999809265137,10.918167114257812
12-07-2001,12.762499809265137,12.762499809265137,581600,13.050000190734863,12.962499618530273,11.143838882446289
13-07-2001,12.850000381469727,13.0,273600,13.125,13.074999809265137,11.240556716918945
16-07-2001,13.0,13.125,394800,13.1875,13.032500267028809,11.204019546508789
17-07-2001,12.97249984741211,13.045000076293945,409600,13.237500190734863,13.199999809265137,11.34801959991455
18-07-2001,13.162500381469727,13.202500343322754,388800,13.362500190734863,13.335000038146973,11.464078903198242
19-07-2001,13.324999809265137,13.425000190734863,422400,13.492500305175781,13.425000190734863,11.54145336151123
20-07-2001,13.319999694824219,13.399999618530273,144800,13.399999618530273,13.335000038146973,11.464078903198242
23-07-2001,13.085000038146973,13.25,331600,13.25,13.087499618530273,11.25130558013916
24-07-2001,12.875,13.082500457763672,650400,13.162500381469727,12.917499542236328,11.105152130126953
25-07-2001,12.524999618530273,12.892499923706055,752800,12.892499923706055,12.569999694824219,10.80640983581543
26-07-2001,12.537500381469727,12.625,813200,12.987500190734863,12.970000267028809,11.150287628173828
27-07-2001,13.25,13.25,684800,13.5,13.350000381469727,11.476974487304688
30-07-2001,13.087499618530273,13.337499618530273,453600,13.337499618530273,13.137499809265137,11.294285774230957
31-07-2001,13.087499618530273,13.137499809265137,413600,13.300000190734863,13.175000190734863,11.32652473449707
01-08-2001,13.287500381469727,13.375,638800,13.5,13.475000381469727,11.584436416625977
02-08-2001,13.550000190734863,13.6875,2303600,14.1225004196167,13.712499618530273,11.788616180419922
03-08-2001,13.274999618530273,13.6875,1254800,13.707500457763672,13.399999618530273,11.519959449768066
06-08-2001,13.300000190734863,13.425000190734863,300400,13.5625,13.430000305175781,11.545751571655273
07-08-2001,13.3125,13.4375,595200,13.522500038146973,13.354999542236328,11.481270790100098
08-08-2001,13.475000381469727,13.475000381469727,656400,13.675000190734863,13.600000381469727,11.691901206970215
09-08-2001,13.649999618530273,13.925000190734863,1684400,14.087499618530273,13.75,11.82085132598877
10-08-2001,13.475000381469727,13.75,1470400,13.957500457763672,13.90250015258789,11.951952934265137
13-08-2001,13.792499542236328,13.887499809265137,833600,14.037500381469727,13.962499618530273,12.00353717803955
14-08-2001,13.975000381469727,14.0,1638800,14.414999961853027,14.357500076293945,12.343119621276855
15-08-2001,14.050000190734863,14.324999809265137,674400,14.399999618530273,14.399999618530273,12.379655838012695
16-08-2001,13.789999961853027,14.375,554000,14.375,14.024999618530273,12.057270050048828
17-08-2001,13.875,14.0,313600,14.0625,14.0,12.035778999328613
20-08-2001,13.899999618530273,14.050000190734863,302000,14.25,14.2475004196167,12.248551368713379
21-08-2001,14.125,14.25,1130000,14.649999618530273,14.350000381469727,12.336675643920898
22-08-2001,14.262499809265137,14.449999809265137,823200,14.697500228881836,14.454999923706055,12.4269380569458
23-08-2001,14.287500381469727,14.5,703600,14.512499809265137,14.350000381469727,12.336675643920898
24-08-2001,14.414999961853027,14.449999809265137,677600,14.625,14.612500190734863,12.562341690063477
27-08-2001,14.630000114440918,14.6875,3623600,15.34749984741211,15.237500190734863,13.099654197692871
28-08-2001,14.704999923706055,14.875,3074400,15.050000190734863,14.824999809265137,12.74502944946289
29-08-2001,14.25,14.6875,3083600,14.6875,14.300000190734863,12.293684959411621
30-08-2001,13.649999618530273,14.25,3058400,14.25,13.774999618530273,11.842345237731934
31-08-2001,13.5649995803833,13.712499618530273,845200,13.824999809265137,13.737500190734863,11.810107231140137
04-09-2001,13.512499809265137,13.737500190734863,712800,13.737500190734863,13.619999885559082,11.709091186523438
05-09-2001,13.350000381469727,13.625,654800,13.649999618530273,13.582500457763672,11.67685317993164
06-09-2001,13.425000190734863,13.550000190734863,396000,13.550000190734863,13.4399995803833,11.55434513092041
07-09-2001,13.050000190734863,13.25,756800,13.287500381469727,13.175000190734863,11.32652473449707
10-09-2001,12.787500381469727,12.8125,839200,13.1875,13.020000457763672,11.19327449798584
17-09-2001,12.447500228881836,12.5,858000,12.744999885559082,12.524999618530273,10.767721176147461
18-09-2001,11.239999771118164,12.475000381469727,2295200,12.487500190734863,11.654999732971191,10.019784927368164
19-09-2001,11.239999771118164,11.875,1846400,12.25,11.582500457763672,9.957456588745117
20-09-2001,11.5,11.524999618530273,990000,11.800000190734863,11.552499771118164,9.93166732788086
21-09-2001,11.300000190734863,11.5,1048400,11.75,11.475000381469727,9.865036010742188
24-09-2001,11.8125,11.8125,1016400,12.125,11.949999809265137,10.273395538330078
25-09-2001,11.899999618530273,11.899999618530273,1141200,12.494999885559082,12.244999885559082,10.527008056640625
26-09-2001,12.25,12.337499618530273,1039200,12.774999618530273,12.65999984741211,10.883781433105469
27-09-2001,12.649999618530273,12.662500381469727,1087600,13.050000190734863,13.024999618530273,11.197571754455566
28-09-2001,12.675000190734863,13.25,1171200,13.399999618530273,12.699999809265137,10.918167114257812
01-10-2001,12.5649995803833,12.699999809265137,927600,12.899999618530273,12.869999885559082,11.06431770324707
02-10-2001,12.725000381469727,12.875,273200,13.050000190734863,12.892499923706055,11.083661079406738
03-10-2001,12.832500457763672,12.867500305175781,306000,13.162500381469727,13.09000015258789,11.253448486328125
04-10-2001,13.037500381469727,13.137499809265137,190800,13.137499809265137,13.039999961853027,11.210469245910645
05-10-2001,12.717499732971191,12.987500190734863,408000,13.0,12.947500228881836,11.130946159362793
08-10-2001,12.662500381469727,12.787500381469727,218000,12.824999809265137,12.6875,10.907422065734863
09-10-2001,12.425000190734863,12.625,624800,12.675000190734863,12.617500305175781,10.847244262695312
10-10-2001,12.662500381469727,12.662500381469727,448000,12.942500114440918,12.942500114440918,11.126646041870117
11-10-2001,13.180000305175781,13.199999809265137,868000,13.612500190734863,13.5625,11.659663200378418
12-10-2001,13.2475004196167,13.625,269200,13.625,13.257499694824219,11.397452354431152
15-10-2001,13.319999694824219,13.319999694824219,531200,13.625,13.574999809265137,11.67040729522705
16-10-2001,13.484999656677246,13.577500343322754,165200,13.612500190734863,13.505000114440918,11.61022663116455
17-10-2001,12.875,13.625,1014400,13.625,12.962499618530273,11.143838882446289
18-10-2001,12.875,12.987500190734863,690400,13.112500190734863,12.949999809265137,11.13309383392334
19-10-2001,12.975000381469727,13.0,461200,13.475000381469727,13.407500267028809,11.526406288146973
22-10-2001,13.625,13.625,2175200,14.3125,14.3125,12.30443286895752
23-10-2001,14.050000190734863,14.274999618530273,1243200,14.375,14.260000228881836,12.259297370910645
24-10-2001,14.270000457763672,14.300000190734863,552400,14.582500457763672,14.345000267028809,12.332374572753906
25-10-2001,14.100000381469727,14.25,759600,14.382499694824219,14.359999656677246,12.345271110534668
26-10-2001,14.300000190734863,14.337499618530273,562400,14.5,14.412500381469727,12.390402793884277
29-10-2001,14.100000381469727,14.512499809265137,1056000,14.869999885559082,14.25,12.250700950622559
30-10-2001,13.954999923706055,14.25,1513600,14.287500381469727,14.137499809265137,12.153982162475586
31-10-2001,13.75,14.137499809265137,2562800,14.399999618530273,13.949999809265137,11.992792129516602
01-11-2001,13.962499618530273,14.0,2199600,14.292499542236328,14.125,12.143240928649902
02-11-2001,13.859999656677246,14.175000190734863,1702000,14.225000381469727,14.175000190734863,12.186225891113281
05-11-2001,14.137499809265137,14.137499809265137,564800,14.5,14.387499809265137,12.368908882141113
06-11-2001,14.3125,14.350000381469727,1363200,14.699999809265137,14.675000190734863,12.616076469421387
07-11-2001,14.725000381469727,14.725000381469727,1356800,14.975000381469727,14.7524995803833,12.682699203491211
08-11-2001,14.567500114440918,14.75,1137200,14.8125,14.600000381469727,12.551597595214844
09-11-2001,14.375,14.602499961853027,778000,14.602499961853027,14.552499771118164,12.510760307312012
12-11-2001,14.074999809265137,14.4375,937600,14.5600004196167,14.199999809265137,12.207720756530762
13-11-2001,14.137499809265137,14.162500381469727,1022800,14.317500114440918,14.300000190734863,12.293684959411621
14-11-2001,14.149999618530273,14.25,486000,14.27750015258789,14.162500381469727,12.175479888916016
15-11-2001,13.857500076293945,14.162500381469727,428800,14.175000190734863,13.984999656677246,12.022881507873535
16-11-2001,13.970000267028809,14.0,839600,14.149999618530273,14.137499809265137,12.153982162475586
19-11-2001,13.975000381469727,14.199999809265137,636400,14.232500076293945,14.175000190734863,12.186225891113281
20-11-2001,13.9975004196167,14.149999618530273,496400,14.329999923706055,14.087499618530273,12.111001968383789
21-11-2001,14.0625,14.085000038146973,798000,14.354999542236328,14.192500114440918,12.20127010345459
23-11-2001,14.225000381469727,14.225000381469727,183600,14.375,14.375,12.358161926269531
26-11-2001,14.425000190734863,14.425000190734863,970800,14.649999618530273,14.572500228881836,12.527955055236816
27-11-2001,14.462499618530273,14.524999618530273,593600,14.625,14.5625,12.519354820251465
28-11-2001,14.524999618530273,14.5625,427200,14.725000381469727,14.574999809265137,12.530105590820312
29-11-2001,14.5,14.612500190734863,432000,14.75,14.720000267028809,12.65476131439209
30-11-2001,14.574999809265137,14.720000267028809,564400,14.720000267028809,14.625,12.573088645935059
03-12-2001,14.600000381469727,14.600000381469727,1637600,15.4375,15.4375,13.271594047546387
04-12-2001,15.225000381469727,15.25,1776400,15.550000190734863,15.375,13.217860221862793
05-12-2001,14.859999656677246,15.324999809265137,1596800,15.329999923706055,15.012499809265137,12.906220436096191
06-12-2001,14.350000381469727,14.8125,1728400,14.84000015258789,14.600000381469727,12.551597595214844
07-12-2001,13.875,14.600000381469727,1182400,14.600000381469727,14.15250015258789,12.166881561279297
10-12-2001,13.882499694824219,13.887499809265137,607200,14.295000076293945,14.130000114440918,12.14753532409668
11-12-2001,13.899999618530273,14.100000381469727,348800,14.1875,13.932499885559082,11.977746963500977
12-12-2001,13.412500381469727,13.800000190734863,1277600,13.802499771118164,13.542499542236328,11.642465591430664
13-12-2001,13.25,13.487500190734863,1323600,13.662500381469727,13.5,11.605925559997559
14-12-2001,13.417499542236328,13.5,396800,13.725000381469727,13.725000381469727,11.799363136291504
17-12-2001,13.637499809265137,13.662500381469727,743200,13.962499618530273,13.912500381469727,11.960551261901855
18-12-2001,13.662500381469727,13.875,446000,13.925000190734863,13.762499809265137,11.831598281860352
19-12-2001,13.65250015258789,13.75,446000,13.75,13.6899995803833,11.769268035888672
20-12-2001,13.367500305175781,13.5625,1066800,13.574999809265137,13.395000457763672,11.51565933227539
21-12-2001,13.237500190734863,13.332500457763672,608400,13.4375,13.425000190734863,11.54145336151123
24-12-2001,13.430000305175781,13.524999618530273,275600,13.550000190734863,13.449999809265137,11.562942504882812
26-12-2001,13.449999809265137,13.550000190734863,263600,13.550000190734863,13.545000076293945,11.644612312316895
27-12-2001,13.197500228881836,13.520000457763672,624800,13.522500038146973,13.350000381469727,11.476974487304688
28-12-2001,13.300000190734863,13.395000457763672,438800,13.397500038146973,13.300000190734863,11.43398666381836
31-12-2001,13.125,13.337499618530273,612400,13.53499984741211,13.479999542236328,11.58873462677002
02-01-2002,13.202500343322754,13.479999542236328,973600,13.479999542236328,13.287500381469727,11.423243522644043
03-01-2002,12.9375,13.274999618530273,1036000,13.350000381469727,13.050000190734863,11.219063758850098
04-01-2002,12.779999732971191,13.074999809265137,1020000,13.077500343322754,12.917499542236328,11.105152130126953
07-01-2002,12.5,12.887499809265137,669200,12.887499809265137,12.517499923706055,10.761272430419922
08-01-2002,12.617500305175781,12.649999618530273,971600,12.8125,12.8125,11.014885902404785
09-01-2002,12.817500114440918,12.824999809265137,616800,12.925000190734863,12.850000381469727,11.047122955322266
10-01-2002,12.837499618530273,12.850000381469727,816800,12.925000190734863,12.875,11.06861686706543
11-01-2002,12.375,12.824999809265137,1214800,12.824999809265137,12.375,10.638769149780273
14-01-2002,12.27750015258789,12.4375,1779200,12.524999618530273,12.430000305175781,10.686052322387695
15-01-2002,12.5,12.5625,964800,12.725000381469727,12.637499809265137,10.864437103271484
16-01-2002,12.677499771118164,12.6875,868800,12.787500381469727,12.75,10.961153984069824
17-01-2002,12.75,12.8125,924000,12.962499618530273,12.962499618530273,11.143838882446289
18-01-2002,12.574999809265137,12.887499809265137,496400,12.887499809265137,12.604999542236328,10.836499214172363
22-01-2002,12.625,12.625,349200,12.787500381469727,12.720000267028809,10.935359954833984
23-01-2002,11.8725004196167,12.212499618530273,1853200,12.25,12.112500190734863,10.413097381591797
24-01-2002,11.34749984741211,11.925000190734863,1500800,11.927499771118164,11.364999771118164,9.77047061920166
25-01-2002,10.5,11.3125,5158400,11.3125,10.787500381469727,9.273994445800781
28-01-2002,10.625,10.787500381469727,1559200,10.962499618530273,10.760000228881836,9.25035572052002
29-01-2002,10.662500381469727,11.012499809265137,1618400,11.107500076293945,10.837499618530273,9.316980361938477
30-01-2002,11.037500381469727,11.125,1190800,11.234999656677246,11.172499656677246,9.60497760772705
31-01-2002,10.625,11.172499656677246,2250400,11.172499656677246,10.75,9.2417573928833
01-02-2002,9.725000381469727,10.5,4461600,10.5,9.994999885559082,8.59268569946289
04-02-2002,9.4375,9.9975004196167,2202000,9.9975004196167,9.5,8.167135238647461
05-02-2002,9.604999542236328,9.737500190734863,3043200,9.817500114440918,9.6875,8.328328132629395
06-02-2002,9.507499694824219,9.75,1522000,9.772500038146973,9.642499923706055,8.289640426635742
07-02-2002,9.592499732971191,9.612500190734863,1230400,9.75,9.667499542236328,8.311135292053223
08-02-2002,9.975000381469727,10.112500190734863,1490000,10.175000190734863,10.132499694824219,8.710894584655762
11-02-2002,10.274999618530273,10.337499618530273,1616400,10.462499618530273,10.40250015258789,8.943012237548828
12-02-2002,10.005000114440918,10.395000457763672,1148800,10.395000457763672,10.100000381469727,8.682953834533691
13-02-2002,10.037500381469727,10.037500381469727,1026000,10.237500190734863,10.112500190734863,8.69370174407959
14-02-2002,9.857500076293945,10.100000381469727,695600,10.102499961853027,9.920000076293945,8.528207778930664
15-02-2002,9.75,9.857500076293945,258000,9.907500267028809,9.807499885559082,8.43149185180664
19-02-2002,9.397500038146973,9.75,1366400,9.7524995803833,9.462499618530273,8.134893417358398
20-02-2002,9.3125,9.350000381469727,969600,9.592499732971191,9.4375,8.113404273986816
21-02-2002,9.112500190734863,9.4375,884000,9.4399995803833,9.125,7.844748020172119
22-02-2002,8.800000190734863,9.037500381469727,2732000,9.425000190734863,9.382499694824219,8.066117286682129
25-02-2002,9.212499618530273,9.382499694824219,1530000,9.425000190734863,9.302499771118164,7.99734354019165
26-02-2002,9.0625,9.1875,499200,9.279999732971191,9.212499618530273,7.919970512390137
27-02-2002,9.0,9.017499923706055,1766000,9.302499771118164,9.149999618530273,7.866239547729492
28-02-2002,8.917499542236328,9.125,893200,9.25,9.09000015258789,7.814656734466553
01-03-2002,9.037500381469727,9.050000190734863,734800,9.225000381469727,9.114999771118164,7.836150646209717
04-03-2002,9.114999771118164,9.114999771118164,846800,9.460000038146973,9.425000190734863,8.102659225463867
05-03-2002,9.237500190734863,9.399999618530273,651600,9.399999618530273,9.265000343322754,7.965106964111328
06-03-2002,9.324999809265137,9.324999809265137,938000,9.625,9.619999885559082,8.270301818847656
07-03-2002,9.5,9.625,672400,9.737500190734863,9.5649995803833,8.22301197052002
08-03-2002,9.3125,9.512499809265137,918000,9.520000457763672,9.460000038146973,8.132745742797852
11-03-2002,9.297499656677246,9.362500190734863,578000,9.460000038146973,9.417499542236328,8.096208572387695
12-03-2002,9.25,9.25,346000,9.5024995803833,9.385000228881836,8.068272590637207
13-03-2002,9.375,9.375,168800,9.532500267028809,9.505000114440918,8.171436309814453
14-03-2002,9.494999885559082,9.587499618530273,472400,9.635000228881836,9.5625,8.220865249633789
15-03-2002,9.680000305175781,9.680000305175781,578400,9.880000114440918,9.875,8.489521026611328
18-03-2002,9.8774995803833,9.8774995803833,624000,10.162500381469727,10.100000381469727,8.682953834533691
19-03-2002,9.9399995803833,10.102499961853027,726000,10.25,9.970000267028809,8.57119083404541
20-03-2002,9.890000343322754,9.904999732971191,165600,9.975000381469727,9.975000381469727,8.575493812561035
21-03-2002,9.899999618530273,9.975000381469727,526000,10.050000190734863,10.024999618530273,8.618473052978516
22-03-2002,9.9375,10.024999618530273,559600,10.02750015258789,10.017499923706055,8.612027168273926
25-03-2002,9.927499771118164,10.017499923706055,461200,10.017499923706055,9.9375,8.543251037597656
26-03-2002,9.774999618530273,9.875,639600,9.887499809265137,9.887499809265137,8.500267028808594
27-03-2002,9.774999618530273,9.887499809265137,189600,9.987500190734863,9.979999542236328,8.579791069030762
28-03-2002,9.947500228881836,10.0,278400,10.117500305175781,10.032500267028809,8.624923706054688
01-04-2002,9.845000267028809,10.032500267028809,501600,10.03499984741211,9.977499961853027,8.577642440795898
02-04-2002,9.850000381469727,9.962499618530273,352800,9.962499618530273,9.90250015258789,8.513164520263672
03-04-2002,9.862500190734863,9.90250015258789,634400,9.947500228881836,9.862500190734863,8.478775024414062
04-04-2002,9.625,9.8149995803833,736000,9.8149995803833,9.649999618530273,8.296088218688965
05-04-2002,9.625,9.649999618530273,504000,9.742500305175781,9.670000076293945,8.313282012939453
08-04-2002,9.4975004196167,9.670000076293945,818800,9.672499656677246,9.52750015258789,8.190776824951172
09-04-2002,9.475000381469727,9.52750015258789,661200,9.617500305175781,9.557499885559082,8.216567039489746
10-04-2002,9.359999656677246,9.557499885559082,529600,9.6875,9.574999809265137,8.231610298156738
11-04-2002,9.619999885559082,9.619999885559082,436400,9.787500381469727,9.712499618530273,8.349821090698242
12-04-2002,9.712499618530273,9.75,352400,9.8125,9.755000114440918,8.386357307434082
15-04-2002,9.6274995803833,9.755000114440918,374000,9.755000114440918,9.697500228881836,8.336922645568848
16-04-2002,9.702500343322754,9.702500343322754,410000,10.087499618530273,10.042499542236328,8.63352108001709
17-04-2002,9.962499618530273,10.042499542236328,356800,10.050000190734863,9.987500190734863,8.586236953735352
18-04-2002,9.90250015258789,9.975000381469727,158000,10.149999618530273,10.085000038146973,8.670056343078613
19-04-2002,9.977499961853027,10.050000190734863,318800,10.050000190734863,10.039999961853027,8.631370544433594
22-04-2002,9.774999618530273,9.987500190734863,405200,9.987500190734863,9.774999618530273,8.403550148010254
23-04-2002,9.5625,9.6875,391600,9.6875,9.5649995803833,8.22301197052002
24-04-2002,9.412500381469727,9.5,349600,9.522500038146973,9.417499542236328,8.096208572387695
25-04-2002,9.282500267028809,9.420000076293945,292000,9.547499656677246,9.387499809265137,8.070418357849121
26-04-2002,9.237500190734863,9.375,284800,9.462499618530273,9.369999885559082,8.05537223815918
29-04-2002,8.989999771118164,9.350000381469727,891600,9.395000457763672,9.03499984741211,7.767374515533447
30-04-2002,9.012499809265137,9.012499809265137,532000,9.287500381469727,9.27750015258789,7.975851058959961
01-05-2002,8.287500381469727,9.024999618530273,2218000,9.024999618530273,8.287500381469727,7.124749660491943
02-05-2002,8.042499542236328,8.25,3508400,8.462499618530273,8.125,6.985049247741699
03-05-2002,7.125,7.3125,4388800,7.927499771118164,7.747499942779541,6.660511493682861
06-05-2002,7.127500057220459,7.150000095367432,2719200,7.5,7.139999866485596,6.138246059417725
07-05-2002,7.025000095367432,7.09499979019165,2077200,7.349999904632568,7.15749979019165,6.15329122543335
08-05-2002,7.0625,7.224999904632568,2108400,7.4375,7.287499904632568,6.265052795410156
09-05-2002,7.170000076293945,7.179999828338623,2931200,7.425000190734863,7.372499942779541,6.338125705718994
10-05-2002,7.224999904632568,7.425000190734863,564000,7.425000190734863,7.320000171661377,6.2929911613464355
13-05-2002,7.15749979019165,7.275000095367432,733200,7.3125,7.3125,6.286544322967529
14-05-2002,7.15500020980835,7.25,960000,7.272500038146973,7.267499923706055,6.247859477996826
15-05-2002,7.067500114440918,7.150000095367432,1121600,7.224999904632568,7.199999809265137,6.189827919006348
16-05-2002,7.150000095367432,7.25,1088800,7.275000095367432,7.21999979019165,6.2070231437683105
17-05-2002,7.087500095367432,7.222499847412109,612400,7.222499847412109,7.170000076293945,6.164039134979248
20-05-2002,7.0,7.074999809265137,935600,7.125,7.087500095367432,6.093112945556641
21-05-2002,7.0,7.012499809265137,594800,7.082499980926514,7.050000190734863,6.0608744621276855
22-05-2002,7.005000114440918,7.012499809265137,379600,7.074999809265137,7.037499904632568,6.050127029418945
23-05-2002,6.900000095367432,7.012499809265137,971200,7.059999942779541,7.059999942779541,6.0694708824157715
24-05-2002,7.012499809265137,7.012499809265137,317600,7.087500095367432,7.037499904632568,6.050127029418945
28-05-2002,6.815000057220459,6.982500076293945,585200,7.050000190734863,7.050000190734863,6.0608744621276855
29-05-2002,6.949999809265137,7.025000095367432,491600,7.03249979019165,7.019999980926514,6.035083770751953
30-05-2002,6.900000095367432,7.0,484400,7.050000190734863,6.912499904632568,5.942665100097656
31-05-2002,6.862500190734863,6.917500019073486,516000,7.03000020980835,6.862500190734863,5.899681568145752
03-06-2002,6.75,6.849999904632568,949200,6.852499961853027,6.75,5.802962779998779
04-06-2002,6.662499904632568,6.692500114440918,1215200,6.787499904632568,6.762499809265137,5.813709735870361
05-06-2002,6.449999809265137,6.675000190734863,1226000,6.675000190734863,6.525000095367432,5.609531879425049
06-06-2002,6.074999809265137,6.287499904632568,1436000,6.324999809265137,6.175000190734863,5.308638095855713
07-06-2002,6.587500095367432,6.6875,1743600,6.875,6.864999771118164,5.901829719543457
10-06-2002,6.775000095367432,6.864999771118164,709200,6.987500190734863,6.929999828338623,5.957709789276123
11-06-2002,6.762499809265137,6.887499809265137,879600,6.892499923706055,6.804999828338623,5.850246429443359
12-06-2002,6.6875,6.775000095367432,1033200,6.809999942779541,6.75,5.802962779998779
13-06-2002,6.505000114440918,6.675000190734863,510000,6.677499771118164,6.567500114440918,5.646068572998047
14-06-2002,6.559999942779541,6.5625,216000,6.744999885559082,6.71999979019165,5.777172565460205
17-06-2002,6.715000152587891,6.71999979019165,911600,6.96999979019165,6.90500020980835,5.936217784881592
18-06-2002,6.849999904632568,6.875,739600,7.039999961853027,6.977499961853027,5.998544216156006
19-06-2002,6.949999809265137,6.949999809265137,644400,7.057499885559082,6.962500095367432,5.985650539398193
20-06-2002,7.025000095367432,7.204999923706055,812400,7.244999885559082,7.0625,6.071620464324951
21-06-2002,7.002500057220459,7.0625,368800,7.139999866485596,7.105000019073486,6.108157157897949
24-06-2002,6.974999904632568,7.074999809265137,733200,7.099999904632568,7.022500038146973,6.037230968475342
25-06-2002,6.987500190734863,7.0,676400,7.142499923706055,7.037499904632568,6.050127029418945
26-06-2002,6.887499809265137,6.949999809265137,573200,7.0,6.949999809265137,5.974903583526611
27-06-2002,6.974999904632568,6.974999904632568,1099200,7.362500190734863,7.289999961853027,6.2672014236450195
28-06-2002,7.25,7.262499809265137,2040800,7.482500076293945,7.349999904632568,6.318782329559326
01-07-2002,6.962500095367432,7.300000190734863,1112400,7.3125,6.962500095367432,5.985650539398193
02-07-2002,6.824999809265137,7.037499904632568,802800,7.037499904632568,6.824999809265137,5.867441177368164
03-07-2002,6.737500190734863,6.817500114440918,562000,6.855000019073486,6.804999828338623,5.850246429443359
05-07-2002,6.849999904632568,6.849999904632568,166800,7.150000095367432,7.150000095367432,6.1468424797058105
08-07-2002,6.925000190734863,7.099999904632568,651600,7.304999828338623,6.965000152587891,5.987798690795898
09-07-2002,6.789999961853027,6.965000152587891,1230800,7.010000228881836,6.789999961853027,5.837353229522705
10-07-2002,6.297500133514404,6.789999961853027,1116800,6.797500133514404,6.355000019073486,5.463382720947266
11-07-2002,6.175000190734863,6.275000095367432,1244800,6.409999847412109,6.400000095367432,5.502069473266602
12-07-2002,6.3125,6.400000095367432,824400,6.710000038146973,6.550000190734863,5.631025314331055
15-07-2002,6.412499904632568,6.5,1086400,6.552499771118164,6.507500171661377,5.59448766708374
16-07-2002,6.4375,6.5,1098800,6.587500095367432,6.502500057220459,5.590188980102539
17-07-2002,6.349999904632568,6.512499809265137,803200,6.534999847412109,6.482500076293945,5.572995185852051
18-07-2002,6.3125,6.462500095367432,677600,6.46999979019165,6.315000057220459,5.428995609283447
19-07-2002,6.1875,6.255000114440918,874000,6.337500095367432,6.25,5.373114109039307
22-07-2002,6.28249979019165,6.300000190734863,738800,6.449999809265137,6.337500095367432,5.448338031768799
23-07-2002,6.170000076293945,6.337500095367432,967200,6.357500076293945,6.222499847412109,5.3494744300842285
24-07-2002,6.119999885559082,6.199999809265137,1004400,6.5,6.449999809265137,5.545054912567139
25-07-2002,6.46999979019165,6.474999904632568,1171200,6.724999904632568,6.637499809265137,5.706249237060547
26-07-2002,6.425000190734863,6.664999961853027,486400,6.684999942779541,6.599999904632568,5.674009799957275
29-07-2002,6.474999904632568,6.474999904632568,570800,6.787499904632568,6.787499904632568,5.835203647613525
30-07-2002,6.690000057220459,6.787499904632568,738000,6.962500095367432,6.902500152587891,5.934068202972412
31-07-2002,6.762499809265137,6.875,478000,6.877500057220459,6.777500152587891,5.826605796813965
01-08-2002,6.462500095367432,6.787499904632568,928000,6.800000190734863,6.599999904632568,5.674009799957275
02-08-2002,6.502500057220459,6.637499809265137,511200,6.65749979019165,6.525000095367432,5.609531879425049
05-08-2002,6.425000190734863,6.522500038146973,1160400,6.585000038146973,6.494999885559082,5.583741188049316
06-08-2002,6.550000190734863,6.550000190734863,463200,6.784999847412109,6.637499809265137,5.706249237060547
07-08-2002,6.597499847412109,6.762499809265137,421600,6.800000190734863,6.724999904632568,5.781471252441406
08-08-2002,6.727499961853027,6.727499961853027,696800,7.087500095367432,7.087500095367432,6.093112945556641
09-08-2002,6.837500095367432,7.0,300000,7.039999961853027,7.022500038146973,6.037230968475342
12-08-2002,6.824999809265137,7.0,378400,7.037499904632568,7.0,6.017889499664307
13-08-2002,6.987500190734863,7.0,611600,7.15500020980835,7.005000114440918,6.022187232971191
14-08-2002,7.224999904632568,7.25,5081200,8.375,8.3100004196167,7.144094944000244
15-08-2002,7.974999904632568,8.0,3048400,8.210000038146973,8.0649995803833,6.933467388153076
16-08-2002,7.875,7.875,1750800,8.262499809265137,8.100000381469727,6.963555335998535
19-08-2002,8.112500190734863,8.125,844800,8.274999618530273,8.262499809265137,7.103257179260254
20-08-2002,8.202500343322754,8.255000114440918,635200,8.335000038146973,8.25,7.092510223388672
21-08-2002,8.1899995803833,8.25,703600,8.307499885559082,8.28499984741211,7.122602939605713
22-08-2002,8.25,8.25,670800,8.404999732971191,8.362500190734863,7.1892266273498535
23-08-2002,8.204999923706055,8.324999809265137,660000,8.5,8.25,7.092510223388672
26-08-2002,8.25,8.255000114440918,606800,8.484999656677246,8.407500267028809,7.227914810180664
27-08-2002,8.137499809265137,8.470000267028809,549600,8.487500190734863,8.237500190734863,7.081766605377197
28-08-2002,7.962500095367432,8.125,605200,8.167499542236328,8.067500114440918,6.935616493225098
29-08-2002,7.827499866485596,7.849999904632568,535600,8.047499656677246,7.962500095367432,6.845348358154297
30-08-2002,7.724999904632568,7.925000190734863,826000,7.929999828338623,7.777500152587891,6.686304092407227
03-09-2002,7.474999904632568,7.625,1156000,7.71999979019165,7.704999923706055,6.623976707458496
04-09-2002,7.612500190734863,7.692500114440918,777600,7.824999809265137,7.75,6.662661552429199
05-09-2002,7.552499771118164,7.712500095367432,585600,7.71999979019165,7.627500057220459,6.55734920501709
06-09-2002,7.650000095367432,7.650000095367432,426800,7.872499942779541,7.777500152587891,6.686304092407227
09-09-2002,7.672500133514404,7.792500019073486,368000,7.932499885559082,7.827499866485596,6.729288101196289
10-09-2002,7.699999809265137,7.827499866485596,307600,7.829999923706055,7.822500228881836,6.724991798400879
11-09-2002,7.849999904632568,7.849999904632568,1006000,7.9375,7.875,6.770124435424805
12-09-2002,7.762499809265137,7.875,378400,7.929999828338623,7.787499904632568,6.6949005126953125
13-09-2002,7.625,7.75,310400,7.8125,7.670000076293945,6.59388542175293
16-09-2002,7.582499980926514,7.699999809265137,268400,7.787499904632568,7.787499904632568,6.6949005126953125
17-09-2002,7.614999771118164,7.787499904632568,304800,7.820000171661377,7.699999809265137,6.619677543640137
18-09-2002,7.625,7.692500114440918,570400,7.837500095367432,7.737500190734863,6.65191650390625
19-09-2002,7.447500228881836,7.650000095367432,553200,7.65500020980835,7.449999809265137,6.404753684997559
20-09-2002,7.4375,7.474999904632568,1084800,7.587500095367432,7.537499904632568,6.479974746704102
23-09-2002,7.385000228881836,7.5,548400,7.537499904632568,7.409999847412109,6.370365619659424
24-09-2002,7.21750020980835,7.287499904632568,947600,7.362500190734863,7.227499961853027,6.2134690284729
25-09-2002,7.150000095367432,7.252500057220459,817600,7.375,7.324999809265137,6.297290802001953
26-09-2002,7.159999847412109,7.324999809265137,638400,7.362500190734863,7.215000152587891,6.202723026275635
27-09-2002,7.175000190734863,7.25,792800,7.347499847412109,7.204999923706055,6.194126129150391
30-09-2002,6.965000152587891,7.074999809265137,808000,7.242499828338623,7.150000095367432,6.1468424797058105
01-10-2002,7.079999923706055,7.199999809265137,541200,7.337500095367432,7.337500095367432,6.308038234710693
02-10-2002,7.110000133514404,7.349999904632568,466400,7.357500076293945,7.150000095367432,6.1468424797058105
03-10-2002,7.002500057220459,7.074999809265137,408800,7.230000019073486,7.005000114440918,6.022187232971191
04-10-2002,6.840000152587891,7.050000190734863,398800,7.072500228881836,6.90749979019165,5.9383673667907715
07-10-2002,6.815000057220459,6.920000076293945,499200,7.022500038146973,6.949999809265137,5.974903583526611
08-10-2002,6.994999885559082,7.0625,374000,7.122499942779541,7.074999809265137,6.082365036010742
09-10-2002,6.962500095367432,6.974999904632568,732000,7.247499942779541,7.125,6.125350475311279
10-10-2002,7.102499961853027,7.125,676800,7.349999904632568,7.322500228881836,6.295141220092773
11-10-2002,7.449999809265137,7.482500076293945,689600,7.647500038146973,7.567500114440918,6.505766868591309
14-10-2002,7.474999904632568,7.474999904632568,433600,7.772500038146973,7.75,6.662661552429199
15-10-2002,7.75,7.75,880000,8.0625,8.0625,6.9313178062438965
16-10-2002,7.712500095367432,7.925000190734863,1232800,7.96999979019165,7.777500152587891,6.686304092407227
17-10-2002,7.762499809265137,7.875,655200,7.954999923706055,7.872499942779541,6.767974853515625
18-10-2002,7.445000171661377,7.612500190734863,823600,7.715000152587891,7.715000152587891,6.632573127746582
21-10-2002,7.522500038146973,7.715000152587891,298000,7.847499847412109,7.837500095367432,6.737885475158691
22-10-2002,7.639999866485596,7.712500095367432,367200,7.730000019073486,7.639999866485596,6.568096160888672
23-10-2002,7.527500152587891,7.662499904632568,315600,7.755000114440918,7.75,6.662661552429199
24-10-2002,7.554999828338623,7.78249979019165,1366800,7.807499885559082,7.764999866485596,6.675558567047119
25-10-2002,7.815000057220459,7.815000057220459,982800,8.100000381469727,8.100000381469727,6.963555335998535
28-10-2002,8.072500228881836,8.225000381469727,538400,8.225000381469727,8.212499618530273,7.060271739959717
29-10-2002,8.007499694824219,8.145000457763672,1343200,8.350000381469727,8.350000381469727,7.1784820556640625
30-10-2002,7.635000228881836,8.112500190734863,1618000,8.225000381469727,8.0,6.877586841583252
31-10-2002,8.0,8.0,2411600,8.5,8.442500114440918,7.258005619049072
01-11-2002,8.100000381469727,8.237500190734863,3291200,8.404999732971191,8.404999732971191,7.225765228271484
04-11-2002,8.327500343322754,8.375,1620400,8.447500228881836,8.392499923706055,7.2150187492370605
05-11-2002,8.104999542236328,8.199999809265137,1031200,8.274999618530273,8.199999809265137,7.049527168273926
06-11-2002,8.149999618530273,8.175000190734863,978400,8.484999656677246,8.412500381469727,7.232211112976074
07-11-2002,8.25,8.337499618530273,839200,8.392499923706055,8.345000267028809,7.174183368682861
08-11-2002,8.282500267028809,8.287500381469727,796000,8.327500343322754,8.3149995803833,7.148392677307129
11-11-2002,8.172499656677246,8.3149995803833,1260000,8.3149995803833,8.212499618530273,7.060271739959717
12-11-2002,8.1274995803833,8.149999618530273,1320800,8.274999618530273,8.149999618530273,7.006540775299072
13-11-2002,8.087499618530273,8.087499618530273,497200,8.322500228881836,8.149999618530273,7.006540775299072
14-11-2002,8.199999809265137,8.262499809265137,350000,8.422499656677246,8.407500267028809,7.227914810180664
15-11-2002,8.324999809265137,8.375,686400,8.612500190734863,8.510000228881836,7.316034317016602
18-11-2002,8.300000190734863,8.375,642400,8.515000343322754,8.34000015258789,7.169883728027344
19-11-2002,8.270000457763672,8.34000015258789,558400,8.449999809265137,8.28499984741211,7.122602939605713
20-11-2002,8.279999732971191,8.300000190734863,501200,8.414999961853027,8.385000228881836,7.20857048034668
21-11-2002,8.34749984741211,8.350000381469727,356000,8.53499984741211,8.532500267028809,7.3353753089904785
22-11-2002,8.359999656677246,8.487500190734863,453600,8.5,8.454999923706055,7.268751621246338
25-11-2002,8.137499809265137,8.4375,584000,8.4375,8.399999618530273,7.221466064453125
26-11-2002,8.050000190734863,8.274999618530273,542000,8.297499656677246,8.074999809265137,6.942063331604004
27-11-2002,8.130000114440918,8.1875,332000,8.225000381469727,8.210000038146973,7.058122634887695
29-11-2002,8.100000381469727,8.135000228881836,110800,8.164999961853027,8.102499961853027,6.965705871582031
02-12-2002,7.974999904632568,8.112500190734863,400400,8.125,8.012499809265137,6.888333320617676
03-12-2002,7.880000114440918,7.900000095367432,527600,7.989999771118164,7.949999809265137,6.834602355957031
04-12-2002,7.817500114440918,7.912499904632568,551600,7.96750020980835,7.885000228881836,6.778722286224365
05-12-2002,7.724999904632568,7.887499809265137,712800,7.897500038146973,7.787499904632568,6.6949005126953125
06-12-2002,7.570000171661377,7.574999809265137,826800,7.784999847412109,7.755000114440918,6.666962146759033
09-12-2002,7.625,7.625,848000,7.849999904632568,7.625,6.55519962310791
10-12-2002,7.4375,7.474999904632568,1000000,7.637499809265137,7.537499904632568,6.479974746704102
11-12-2002,7.375,7.400000095367432,734400,7.487500190734863,7.429999828338623,6.3875579833984375
12-12-2002,7.380000114440918,7.380000114440918,402000,7.699999809265137,7.487500190734863,6.436992168426514
13-12-2002,7.287499904632568,7.4375,347600,7.482500076293945,7.287499904632568,6.265052795410156
16-12-2002,7.212500095367432,7.262499809265137,508000,7.5,7.397500038146973,6.359619617462158
17-12-2002,7.297500133514404,7.362500190734863,240400,7.40500020980835,7.304999828338623,6.280096530914307
18-12-2002,7.237500190734863,7.25,362000,7.4375,7.257500171661377,6.239261150360107
19-12-2002,7.137499809265137,7.375,846000,7.400000095367432,7.137499809265137,6.136096000671387
20-12-2002,7.400000095367432,7.412499904632568,694000,7.552499771118164,7.547500133514404,6.48857307434082
23-12-2002,7.537499904632568,7.537499904632568,570000,7.8125,7.762499809265137,6.6734089851379395
24-12-2002,7.650000095367432,7.712500095367432,234800,7.757500171661377,7.65749979019165,6.583138942718506
26-12-2002,7.59250020980835,7.6875,270000,7.744999885559082,7.612500190734863,6.5444536209106445
27-12-2002,7.574999809265137,7.614999771118164,404000,7.707499980926514,7.627500057220459,6.55734920501709
30-12-2002,7.599999904632568,7.625,385200,7.675000190734863,7.637499809265137,6.565946102142334
31-12-2002,7.582499980926514,7.587500095367432,492400,7.737500190734863,7.642499923706055,6.570245742797852
02-01-2003,7.605000019073486,7.6875,188800,7.775000095367432,7.762499809265137,6.6734089851379395
03-01-2003,7.6875,7.75,306800,7.784999847412109,7.730000019073486,6.645467281341553
06-01-2003,7.769999980926514,7.787499904632568,517200,7.852499961853027,7.840000152587891,6.740035057067871
07-01-2003,7.762499809265137,7.837500095367432,671200,7.872499942779541,7.840000152587891,6.740035057067871
08-01-2003,7.837500095367432,7.849999904632568,414800,7.875,7.864999771118164,6.7615275382995605
09-01-2003,7.875,7.875,522000,8.012499809265137,7.989999771118164,6.868990421295166
10-01-2003,7.972499847412109,7.987500190734863,323600,8.052499771118164,7.992499828338623,6.8711395263671875
13-01-2003,7.992499828338623,7.992499828338623,553200,8.117500305175781,8.114999771118164,6.976451396942139
14-01-2003,8.125,8.125,1412400,8.5024995803833,8.467499732971191,7.2794976234436035
15-01-2003,8.199999809265137,8.5,942000,8.5,8.489999771118164,7.298835754394531
16-01-2003,8.3125,8.350000381469727,835200,8.422499656677246,8.414999961853027,7.234361171722412
17-01-2003,8.305000305175781,8.375,311200,8.399999618530273,8.399999618530273,7.221466064453125
21-01-2003,8.27750015258789,8.362500190734863,552400,8.3725004196167,8.297499656677246,7.133345603942871
22-01-2003,8.1875,8.199999809265137,533200,8.28499984741211,8.244999885559082,7.088213920593262
23-01-2003,8.300000190734863,8.300000190734863,607600,8.494999885559082,8.462499618530273,7.275197505950928
24-01-2003,8.34000015258789,8.462499618530273,488800,8.462499618530273,8.404999732971191,7.225765228271484
27-01-2003,8.227499961853027,8.462499618530273,769200,8.462499618530273,8.3100004196167,7.144094944000244
28-01-2003,8.082500457763672,8.3125,448400,8.324999809265137,8.22249984741211,7.068868160247803
29-01-2003,8.15999984741211,8.15999984741211,641600,8.28499984741211,8.25,7.092510223388672
30-01-2003,8.037500381469727,8.2524995803833,406400,8.270000457763672,8.112500190734863,6.974302768707275
31-01-2003,8.112500190734863,8.114999771118164,762400,8.297499656677246,8.287500381469727,7.124749660491943
03-02-2003,8.162500381469727,8.337499618530273,1834000,8.34749984741211,8.197500228881836,7.0473785400390625
04-02-2003,8.302499771118164,8.337499618530273,1461600,8.47249984741211,8.414999961853027,7.234361171722412
05-02-2003,8.2475004196167,8.337499618530273,783600,8.375,8.359999656677246,7.187078475952148
06-02-2003,8.092499732971191,8.192500114440918,1105200,8.274999618530273,8.2524995803833,7.094659328460693
07-02-2003,8.112500190734863,8.199999809265137,1191600,8.244999885559082,8.162500381469727,7.0172882080078125
10-02-2003,8.0625,8.162500381469727,1349600,8.182499885559082,8.149999618530273,7.006540775299072
11-02-2003,8.0625,8.087499618530273,1438400,8.142499923706055,8.107500076293945,6.970004558563232
12-02-2003,8.074999809265137,8.087499618530273,1170000,8.162500381469727,8.100000381469727,6.963555335998535
13-02-2003,7.909999847412109,8.024999618530273,1301600,8.057499885559082,7.982500076293945,6.86254358291626
14-02-2003,7.6875,7.824999809265137,947600,7.942500114440918,7.942500114440918,6.828155040740967
18-02-2003,7.90500020980835,7.942500114440918,1612000,7.994999885559082,7.922500133514404,6.81096076965332
19-02-2003,7.835000038146973,7.925000190734863,925600,7.925000190734863,7.835000038146973,6.735736846923828
20-02-2003,7.8125,7.837500095367432,537200,7.880000114440918,7.855000019073486,6.752933025360107
21-02-2003,7.78249979019165,7.824999809265137,620800,7.914999961853027,7.875,6.770124435424805
24-02-2003,7.777500152587891,7.875,475200,7.875,7.792500019073486,6.69920015335083
25-02-2003,7.602499961853027,7.737500190734863,694400,7.900000095367432,7.894999980926514,6.787318229675293
26-02-2003,7.827499866485596,7.862500190734863,842400,7.927499771118164,7.900000095367432,6.7916178703308105
27-02-2003,7.872499942779541,7.900000095367432,757200,7.945000171661377,7.900000095367432,6.7916178703308105
28-02-2003,7.8125,7.900000095367432,444400,7.900000095367432,7.852499961853027,6.750781059265137
03-03-2003,7.664999961853027,7.869999885559082,461600,7.929999828338623,7.762499809265137,6.6734089851379395
04-03-2003,7.610000133514404,7.612500190734863,541600,7.735000133514404,7.625,6.55519962310791
05-03-2003,7.389999866485596,7.400000095367432,988000,7.625,7.605000019073486,6.53800630569458
06-03-2003,7.5,7.550000190734863,606000,7.652500152587891,7.587500095367432,6.5229620933532715
07-03-2003,7.612500190734863,7.625,944800,7.744999885559082,7.742499828338623,6.656214714050293
10-03-2003,7.652500152587891,7.699999809265137,624800,7.742499828338623,7.684999942779541,6.606781482696533
11-03-2003,7.59250020980835,7.6875,761200,7.702499866485596,7.605000019073486,6.53800630569458
12-03-2003,7.347499847412109,7.550000190734863,638000,7.550000190734863,7.425000190734863,6.383260250091553
13-03-2003,7.332499980926514,7.425000190734863,791600,7.449999809265137,7.434999942779541,6.3918561935424805
14-03-2003,7.349999904632568,7.412499904632568,446400,7.487500190734863,7.417500019073486,6.376812934875488
17-03-2003,7.375,7.417500019073486,841600,7.5625,7.512499809265137,6.4584832191467285
18-03-2003,7.449999809265137,7.512499809265137,767200,7.525000095367432,7.525000095367432,6.469230651855469
19-03-2003,7.449999809265137,7.537499904632568,353200,7.537499904632568,7.510000228881836,6.456335544586182
20-03-2003,7.375,7.449999809265137,725200,7.462500095367432,7.462500095367432,6.415498733520508
21-03-2003,7.489999771118164,7.5,930400,7.735000133514404,7.677499771118164,6.6003336906433105
24-03-2003,7.485000133514404,7.565000057220459,500800,7.574999809265137,7.512499809265137,6.4584832191467285
25-03-2003,7.517499923706055,7.525000095367432,513200,7.599999904632568,7.599999904632568,6.533707141876221
26-03-2003,7.447500228881836,7.514999866485596,2218800,7.547500133514404,7.53000020980835,6.473527431488037
27-03-2003,7.550000190734863,7.550000190734863,1557200,7.900000095367432,7.887499809265137,6.780871868133545
28-03-2003,7.809999942779541,7.809999942779541,857200,8.010000228881836,7.989999771118164,6.868990421295166
31-03-2003,7.807499885559082,7.989999771118164,823600,8.024999618530273,7.994999885559082,6.873288154602051
01-04-2003,7.940000057220459,7.977499961853027,626400,8.100000381469727,8.087499618530273,6.952809810638428
02-04-2003,8.015000343322754,8.09000015258789,724800,8.162500381469727,8.104999542236328,6.967855453491211
03-04-2003,7.925000190734863,8.0625,585200,8.0625,8.0,6.877586841583252
04-04-2003,8.017499923706055,8.024999618530273,1134800,8.112500190734863,8.102499961853027,6.965705871582031
07-04-2003,8.172499656677246,8.175000190734863,1444000,8.305000305175781,8.255000114440918,7.096809387207031
08-04-2003,8.2524995803833,8.287500381469727,1730000,8.5,8.487500190734863,7.296691417694092
09-04-2003,8.475000381469727,8.5,2034400,8.625,8.5024995803833,7.309587001800537
10-04-2003,8.375,8.442500114440918,1296400,8.522500038146973,8.5024995803833,7.309587001800537
11-04-2003,8.449999809265137,8.515000343322754,408400,8.5625,8.46500015258789,7.277346134185791
14-04-2003,8.274999618530273,8.3125,652400,8.3725004196167,8.354999542236328,7.182779788970947
15-04-2003,8.327500343322754,8.354999542236328,352800,8.47249984741211,8.46500015258789,7.277346134185791
16-04-2003,8.369999885559082,8.46500015258789,537200,8.46500015258789,8.432499885559082,7.249405384063721
17-04-2003,8.4350004196167,8.4350004196167,716800,8.53499984741211,8.524999618530273,7.328930854797363
21-04-2003,8.452500343322754,8.5,652800,8.529999732971191,8.524999618530273,7.328930854797363
22-04-2003,8.47249984741211,8.524999618530273,559600,8.647500038146973,8.6274995803833,7.417048454284668
23-04-2003,8.837499618530273,8.9375,3074400,9.104999542236328,9.0625,7.791017532348633
24-04-2003,8.949999809265137,8.975000381469727,1304800,9.274999618530273,9.199999809265137,7.909226417541504
25-04-2003,9.125,9.212499618530273,722800,9.25,9.1899995803833,7.900627136230469
28-04-2003,9.074999809265137,9.082500457763672,1228400,9.350000381469727,9.300000190734863,7.995193004608154
29-04-2003,9.015000343322754,9.237500190734863,838000,9.239999771118164,9.137499809265137,7.855494499206543
30-04-2003,8.987500190734863,8.987500190734863,1021600,9.3100004196167,9.170000076293945,7.883430480957031
01-05-2003,9.02750015258789,9.100000381469727,682400,9.102499961853027,9.032500267028809,7.765225410461426
02-05-2003,9.0024995803833,9.012499809265137,1094800,9.385000228881836,9.3774995803833,8.061822891235352
05-05-2003,9.3125,9.375,1645600,9.5,9.5,8.167135238647461
06-05-2003,9.289999961853027,9.5,870400,9.649999618530273,9.345000267028809,8.033880233764648
07-05-2003,9.199999809265137,9.287500381469727,646800,9.350000381469727,9.199999809265137,7.909226417541504
08-05-2003,9.167499542236328,9.199999809265137,422800,9.274999618530273,9.217499732971191,7.924269199371338
09-05-2003,9.015000343322754,9.217499732971191,1057200,9.217499732971191,9.175000190734863,7.887729644775391
12-05-2003,9.109999656677246,9.125,889200,9.324999809265137,9.324999809265137,8.016688346862793
13-05-2003,9.1899995803833,9.237500190734863,521600,9.2475004196167,9.199999809265137,7.909226417541504
14-05-2003,9.037500381469727,9.199999809265137,597600,9.199999809265137,9.072500228881836,7.799611568450928
15-05-2003,9.0625,9.087499618530273,845600,9.204999923706055,9.149999618530273,7.866239547729492
16-05-2003,9.0625,9.112500190734863,1049600,9.234999656677246,9.0625,7.791017532348633
19-05-2003,8.887499809265137,9.010000228881836,779600,9.0600004196167,8.987500190734863,7.726538181304932
20-05-2003,8.8774995803833,8.949999809265137,636000,9.0625,9.0625,7.791017532348633
21-05-2003,8.899999618530273,9.0,423600,9.125,9.109999656677246,7.831849098205566
22-05-2003,9.074999809265137,9.112500190734863,966800,9.34000015258789,9.300000190734863,7.995193004608154
23-05-2003,9.212499618530273,9.25,590000,9.375,9.350000381469727,8.038180351257324
27-05-2003,9.287500381469727,9.287500381469727,1077600,9.675000190734863,9.569999694824219,8.227314949035645
28-05-2003,9.585000038146973,9.585000038146973,1688800,9.917499542236328,9.817500114440918,8.440088272094727
29-05-2003,9.680000305175781,9.725000381469727,2248800,9.850000381469727,9.755000114440918,8.386357307434082
30-05-2003,9.755000114440918,9.772500038146973,1076000,10.0,9.949999809265137,8.553996086120605
02-06-2003,9.875,9.987500190734863,898800,10.0,9.992500305175781,8.590534210205078
03-06-2003,9.882499694824219,9.949999809265137,896400,10.037500381469727,9.9975004196167,8.59483528137207
04-06-2003,9.975000381469727,9.975000381469727,575600,10.125,10.095000267028809,8.678657531738281
05-06-2003,9.979999542236328,10.074999809265137,1174800,10.234999656677246,10.232500076293945,8.796863555908203
06-06-2003,10.0625,10.25,1700800,10.345000267028809,10.0625,8.650715827941895
09-06-2003,10.007499694824219,10.0649995803833,468400,10.1225004196167,10.0649995803833,8.652862548828125
10-06-2003,10.024999618530273,10.0649995803833,474400,10.225000381469727,10.225000381469727,8.790417671203613
11-06-2003,10.137499809265137,10.225000381469727,554400,10.319999694824219,10.319999694824219,8.872081756591797
12-06-2003,10.210000038146973,10.362500190734863,386000,10.375,10.300000190734863,8.854890823364258
13-06-2003,10.25,10.300000190734863,715200,10.332500457763672,10.255000114440918,8.816208839416504
16-06-2003,10.050000190734863,10.100000381469727,1210800,10.324999809265137,10.300000190734863,8.854890823364258
17-06-2003,10.1899995803833,10.274999618530273,691600,10.475000381469727,10.420000076293945,8.958057403564453
18-06-2003,10.324999809265137,10.375,1000400,10.5,10.487500190734863,9.016084671020508
19-06-2003,10.0649995803833,10.484999656677246,970400,10.547499656677246,10.077500343322754,8.663607597351074
20-06-2003,9.9375,10.125,663200,10.137499809265137,10.022500038146973,8.616329193115234
23-06-2003,9.487500190734863,9.850000381469727,1092000,9.850000381469727,9.767499923706055,8.397100448608398
24-06-2003,9.677499771118164,9.767499923706055,467200,9.8125,9.787500381469727,8.41429615020752
25-06-2003,9.699999809265137,9.787500381469727,962800,9.8125,9.8125,8.435789108276367
26-06-2003,9.675000190734863,9.675000190734863,778000,9.8725004196167,9.850000381469727,8.468029022216797
27-06-2003,9.770000457763672,9.824999809265137,1488800,10.0,9.852499961853027,8.47017765045166
30-06-2003,9.707500457763672,9.852499961853027,2331600,9.899999618530273,9.800000190734863,8.425044059753418
01-07-2003,9.512499809265137,9.725000381469727,1574000,9.725000381469727,9.645000457763672,8.291790962219238
02-07-2003,9.595000267028809,9.595000267028809,816000,9.862500190734863,9.862500190734863,8.478775024414062
03-07-2003,9.647500038146973,9.649999618530273,548000,9.8125,9.797499656677246,8.422897338867188
07-07-2003,9.774999618530273,9.797499656677246,872000,9.84749984741211,9.84749984741211,8.46588134765625
08-07-2003,9.8149995803833,9.824999809265137,1934000,9.987500190734863,9.987500190734863,8.586236953735352
09-07-2003,9.962499618530273,10.0,2007600,10.079999923706055,10.0625,8.650715827941895
10-07-2003,10.114999771118164,10.137499809265137,1106400,10.287500381469727,10.287500381469727,8.844147682189941
11-07-2003,10.225000381469727,10.262499809265137,641600,10.3774995803833,10.375,8.91937255859375
14-07-2003,10.287500381469727,10.324999809265137,499600,10.367500305175781,10.307499885559082,8.861340522766113
15-07-2003,10.1899995803833,10.199999809265137,456400,10.274999618530273,10.197500228881836,8.766770362854004
16-07-2003,10.050000190734863,10.237500190734863,503200,10.25,10.125,8.704445838928223
17-07-2003,9.819999694824219,10.125,904400,10.149999618530273,9.890000343322754,8.502418518066406
18-07-2003,9.875,9.875,618400,10.074999809265137,10.074999809265137,8.661465644836426
21-07-2003,9.819999694824219,9.942500114440918,328400,9.957500457763672,9.907500267028809,8.517460823059082
22-07-2003,9.75,9.787500381469727,614400,9.975000381469727,9.97249984741211,8.573341369628906
23-07-2003,9.925000190734863,10.0,301600,10.0625,10.0625,8.650715827941895
24-07-2003,10.037500381469727,10.125,472400,10.15250015258789,10.037500381469727,8.629223823547363
25-07-2003,9.952500343322754,10.037500381469727,347200,10.100000381469727,10.069999694824219,8.657163619995117
28-07-2003,10.0,10.074999809265137,584800,10.095000267028809,10.0,8.59698486328125
29-07-2003,10.020000457763672,10.020000457763672,295200,10.149999618530273,10.100000381469727,8.682953834533691
30-07-2003,9.899999618530273,10.100000381469727,533600,10.100000381469727,9.962499618530273,8.564746856689453
31-07-2003,9.899999618530273,9.96500015258789,326800,10.050000190734863,9.925000190734863,8.532508850097656
01-08-2003,9.772500038146973,9.875,322400,9.989999771118164,9.772500038146973,8.401403427124023
04-08-2003,9.737500190734863,9.800000190734863,363200,9.899999618530273,9.885000228881836,8.49811840057373
05-08-2003,9.774999618530273,9.824999809265137,417600,9.899999618530273,9.779999732971191,8.407851219177246
06-08-2003,10.0,10.0,2486800,10.462499618530273,10.375,8.91937255859375
07-08-2003,10.337499618530273,10.387499809265137,611200,10.5,10.487500190734863,9.016084671020508
08-08-2003,10.274999618530273,10.3125,447200,10.3774995803833,10.307499885559082,8.861340522766113
11-08-2003,10.25,10.25,587600,10.462499618530273,10.375,8.91937255859375
12-08-2003,10.462499618530273,10.462499618530273,1489600,10.922499656677246,10.899999618530273,9.37071418762207
13-08-2003,10.864999771118164,10.875,1330400,11.132499694824219,10.975000381469727,9.43519115447998
14-08-2003,10.800000190734863,10.899999618530273,456000,10.987500190734863,10.925000190734863,9.392204284667969
15-08-2003,10.942500114440918,10.949999809265137,142000,10.992500305175781,10.96500015258789,9.426592826843262
18-08-2003,10.774999618530273,10.875,633200,10.887499809265137,10.845000267028809,9.3234281539917
19-08-2003,10.774999618530273,10.875,870400,10.875,10.850000381469727,9.327728271484375
20-08-2003,10.8125,10.845000267028809,369600,10.854999542236328,10.852499961853027,9.329878807067871
21-08-2003,10.787500381469727,10.787500381469727,467200,10.875,10.850000381469727,9.327728271484375
22-08-2003,10.607500076293945,10.699999809265137,731600,10.725000381469727,10.617500305175781,9.127849578857422
25-08-2003,10.390000343322754,10.512499809265137,840000,10.512499809265137,10.40250015258789,8.943012237548828
26-08-2003,10.324999809265137,10.324999809265137,536400,10.537500381469727,10.5,9.026833534240723
27-08-2003,10.487500190734863,10.524999618530273,290400,10.587499618530273,10.487500190734863,9.016084671020508
28-08-2003,10.479999542236328,10.494999885559082,714000,10.819999694824219,10.819999694824219,9.301937103271484
29-08-2003,10.6875,10.819999694824219,437200,10.824999809265137,10.824999809265137,9.306233406066895
02-09-2003,10.677499771118164,10.762499809265137,562800,10.824999809265137,10.800000190734863,9.28474235534668
03-09-2003,10.675000190734863,10.742500305175781,689200,10.7524995803833,10.675000190734863,9.177282333374023
04-09-2003,10.640000343322754,10.677499771118164,840000,10.725000381469727,10.725000381469727,9.220263481140137
05-09-2003,10.640000343322754,10.725000381469727,476800,10.792499542236328,10.649999618530273,9.155787467956543
08-09-2003,10.6274995803833,10.649999618530273,620400,10.734999656677246,10.6875,9.188024520874023
09-09-2003,10.677499771118164,10.6875,930400,10.727499961853027,10.710000038146973,9.207367897033691
10-09-2003,10.475000381469727,10.649999618530273,682400,10.675000190734863,10.492500305175781,9.020386695861816
11-09-2003,10.550000190734863,10.550000190734863,286000,10.670000076293945,10.614999771118164,9.125700950622559
12-09-2003,10.585000038146973,10.614999771118164,381200,10.702500343322754,10.670000076293945,9.172983169555664
15-09-2003,10.672499656677246,10.675000190734863,431600,10.78499984741211,10.774999618530273,9.263251304626465
16-09-2003,10.737500190734863,10.774999618530273,270800,10.897500038146973,10.897500038146973,9.368562698364258
17-09-2003,10.699999809265137,10.75,317200,10.824999809265137,10.712499618530273,9.209519386291504
18-09-2003,10.71500015258789,10.71500015258789,218800,10.800000190734863,10.78499984741211,9.27184772491455
19-09-2003,10.704999923706055,10.800000190734863,266400,10.84749984741211,10.712499618530273,9.209519386291504
22-09-2003,10.40250015258789,10.637499809265137,717200,10.637499809265137,10.40999984741211,8.949459075927734
23-09-2003,10.412500381469727,10.412500381469727,1314400,10.774999618530273,10.725000381469727,9.220263481140137
24-09-2003,10.694999694824219,10.725000381469727,726400,10.920000076293945,10.8125,9.295490264892578
25-09-2003,10.649999618530273,10.6875,685600,10.864999771118164,10.760000228881836,9.25035572052002
26-09-2003,10.702500343322754,10.725000381469727,630000,10.787500381469727,10.75,9.2417573928833
29-09-2003,10.737500190734863,10.7524995803833,342400,10.897500038146973,10.8774995803833,9.351369857788086
30-09-2003,10.800000190734863,10.850000381469727,756400,11.042499542236328,10.994999885559082,9.452383041381836
01-10-2003,10.975000381469727,10.975000381469727,1711200,11.375,11.300000190734863,9.714593887329102
02-10-2003,11.229999542236328,11.25,994800,11.5625,11.447500228881836,9.84139633178711
03-10-2003,11.399999618530273,11.5,634800,11.587499618530273,11.5,9.886534690856934
06-10-2003,11.475000381469727,11.475000381469727,576400,11.675000190734863,11.6225004196167,9.991846084594727
07-10-2003,11.449999809265137,11.619999885559082,826400,11.619999885559082,11.492500305175781,9.880085945129395
08-10-2003,11.430000305175781,11.492500305175781,534800,11.604999542236328,11.512499809265137,9.897278785705566
09-10-2003,11.449999809265137,11.4975004196167,439200,11.587499618530273,11.475000381469727,9.865036010742188
10-10-2003,11.5,11.5,243200,11.569999694824219,11.542499542236328,9.92306900024414
13-10-2003,11.449999809265137,11.542499542236328,361200,11.625,11.487500190734863,9.875786781311035
14-10-2003,11.350000381469727,11.399999618530273,496000,11.420000076293945,11.352499961853027,9.759726524353027
15-10-2003,11.27750015258789,11.337499618530273,510400,11.425000190734863,11.3774995803833,9.781217575073242
16-10-2003,11.282500267028809,11.350000381469727,406800,11.3725004196167,11.362500190734863,9.768321990966797
17-10-2003,11.237500190734863,11.324999809265137,306400,11.324999809265137,11.2524995803833,9.673755645751953
20-10-2003,11.25,11.25,486400,11.307499885559082,11.295000076293945,9.71029281616211
21-10-2003,11.25,11.295000076293945,512400,11.392499923706055,11.319999694824219,9.731786727905273
22-10-2003,11.237500190734863,11.34000015258789,886400,11.34000015258789,11.257499694824219,9.678054809570312
23-10-2003,11.09000015258789,11.170000076293945,365600,11.295000076293945,11.262499809265137,9.682353973388672
24-10-2003,11.225000381469727,11.262499809265137,189600,11.3100004196167,11.262499809265137,9.682353973388672
27-10-2003,10.550000190734863,10.975000381469727,3279200,10.977499961853027,10.649999618530273,9.155787467956543
28-10-2003,10.649999618530273,10.65250015258789,1593200,10.949999809265137,10.917499542236328,9.385758399963379
29-10-2003,9.850000381469727,10.920000076293945,5839200,10.920000076293945,10.324999809265137,8.876385688781738
30-10-2003,10.447500228881836,10.512499809265137,1322000,10.557499885559082,10.520000457763672,9.044025421142578
31-10-2003,10.375,10.522500038146973,668800,10.522500038146973,10.442500114440918,8.977399826049805
03-11-2003,10.300000190734863,10.425000190734863,1430400,10.427499771118164,10.337499618530273,8.88713264465332
04-11-2003,10.017499923706055,10.300000190734863,1726000,10.300000190734863,10.050000190734863,8.639969825744629
05-11-2003,10.050000190734863,10.050000190734863,1384800,10.274999618530273,10.267499923706055,8.826958656311035
06-11-2003,10.125,10.270000457763672,843600,10.337499618530273,10.197500228881836,8.766770362854004
07-11-2003,10.024999618530273,10.087499618530273,814000,10.170000076293945,10.102499961853027,8.685102462768555
10-11-2003,10.029999732971191,10.125,618400,10.125,10.037500381469727,8.629223823547363
11-11-2003,10.074999809265137,10.149999618530273,669600,10.15999984741211,10.149999618530273,8.725936889648438
12-11-2003,10.1875,10.34749984741211,977200,10.34749984741211,10.3100004196167,8.86349105834961
13-11-2003,10.102499961853027,10.162500381469727,760000,10.1850004196167,10.15250015258789,8.72808837890625
14-11-2003,10.085000038146973,10.15250015258789,768000,10.220000267028809,10.09000015258789,8.674359321594238
17-11-2003,9.987500190734863,10.012499809265137,900800,10.0600004196167,10.024999618530273,8.618473052978516
18-11-2003,9.9350004196167,10.024999618530273,627600,10.0600004196167,9.9375,8.543251037597656
19-11-2003,9.757499694824219,9.9375,923200,9.9375,9.904999732971191,8.515314102172852
20-11-2003,9.71500015258789,9.842499732971191,1460800,9.862500190734863,9.8149995803833,8.43794059753418
21-11-2003,9.6875,9.800000190734863,968000,9.800000190734863,9.742500305175781,8.375612258911133
24-11-2003,9.75,9.75,1067600,9.8100004196167,9.805000305175781,8.429342269897461
25-11-2003,9.737500190734863,9.774999618530273,1410000,9.787500381469727,9.75,8.382061004638672
26-11-2003,9.6899995803833,9.737500190734863,2956400,9.762499809265137,9.75,8.382061004638672
28-11-2003,9.72249984741211,9.75,646800,9.782500267028809,9.75,8.382061004638672
01-12-2003,9.649999618530273,9.649999618530273,1142400,9.739999771118164,9.727499961853027,8.362716674804688
02-12-2003,9.447500228881836,9.5,1422000,9.569999694824219,9.512499809265137,8.177879333496094
03-12-2003,9.680000305175781,9.720000267028809,1668800,9.772500038146973,9.725000381469727,8.360567092895508
04-12-2003,9.992500305175781,10.0,2347600,10.147500038146973,10.050000190734863,8.639969825744629
05-12-2003,10.28499984741211,10.612500190734863,1859200,10.612500190734863,10.327500343322754,8.878536224365234
08-12-2003,10.302499771118164,10.302499771118164,795200,10.457500457763672,10.449999809265137,8.983847618103027
09-12-2003,10.337499618530273,10.375,908000,10.479999542236328,10.337499618530273,8.88713264465332
10-12-2003,10.207500457763672,10.212499618530273,958800,10.270000457763672,10.229999542236328,8.79471492767334
11-12-2003,10.137499809265137,10.149999618530273,735200,10.362500190734863,10.34000015258789,8.889283180236816
12-12-2003,10.229999542236328,10.237500190734863,805200,10.287500381469727,10.262499809265137,8.822653770446777
15-12-2003,10.234999656677246,10.3125,480400,10.350000381469727,10.287500381469727,8.844147682189941
16-12-2003,10.2475004196167,10.287500381469727,714000,10.332500457763672,10.3149995803833,8.867789268493652
17-12-2003,10.232500076293945,10.25,763200,10.352499961853027,10.337499618530273,8.88713264465332
18-12-2003,10.244999885559082,10.274999618530273,733600,10.3725004196167,10.3725004196167,8.917220115661621
19-12-2003,10.2524995803833,10.287500381469727,1000800,10.449999809265137,10.449999809265137,8.983847618103027
22-12-2003,10.295000076293945,10.412500381469727,580800,10.4375,10.382499694824219,8.92581844329834
23-12-2003,10.385000228881836,10.412500381469727,582000,10.517499923706055,10.517499923706055,9.041881561279297
24-12-2003,10.414999961853027,10.517499923706055,346400,10.5600004196167,10.414999961853027,8.95375919342041
26-12-2003,10.425000190734863,10.542499542236328,108800,10.542499542236328,10.457500457763672,8.990297317504883
29-12-2003,10.457500457763672,10.5,608000,10.574999809265137,10.5,9.026833534240723
30-12-2003,10.555000305175781,10.5625,480000,10.654999732971191,10.587499618530273,9.102055549621582
31-12-2003,10.385000228881836,10.587499618530273,522800,10.59000015258789,10.385000228881836,8.927967071533203
02-01-2004,10.357500076293945,10.375,316400,10.5,10.5,9.026833534240723
05-01-2004,10.422499656677246,10.449999809265137,1006800,10.53499984741211,10.487500190734863,9.016084671020508
06-01-2004,10.324999809265137,10.4350004196167,1657200,10.449999809265137,10.352499961853027,8.900025367736816
07-01-2004,10.21500015258789,10.25,911600,10.3149995803833,10.287500381469727,8.844147682189941
08-01-2004,10.300000190734863,10.350000381469727,567600,10.4375,10.397500038146973,8.938714027404785
09-01-2004,10.329999923706055,10.342499732971191,335200,10.432499885559082,10.345000267028809,8.89358139038086
12-01-2004,10.237500190734863,10.25,431200,10.407500267028809,10.407500267028809,8.947310447692871
13-01-2004,10.149999618530273,10.204999923706055,1472400,10.2475004196167,10.220000267028809,8.78611946105957
14-01-2004,10.204999923706055,10.204999923706055,582000,10.282500267028809,10.270000457763672,8.82910442352295
15-01-2004,10.225000381469727,10.287500381469727,615200,10.447500228881836,10.407500267028809,8.947310447692871
16-01-2004,10.345000267028809,10.470000267028809,1353600,10.555000305175781,10.350000381469727,8.897879600524902
20-01-2004,10.087499618530273,10.287500381469727,1280400,10.287500381469727,10.172499656677246,8.745281219482422
21-01-2004,10.114999771118164,10.162500381469727,752000,10.322500228881836,10.3125,8.865639686584473
22-01-2004,10.3125,10.3125,776000,10.4975004196167,10.46500015258789,8.996747016906738
23-01-2004,10.422499656677246,10.425000190734863,1188000,10.942500114440918,10.725000381469727,9.220263481140137
26-01-2004,10.524999618530273,10.524999618530273,700800,10.817500114440918,10.787500381469727,9.273994445800781
27-01-2004,10.6274995803833,10.6875,966400,10.710000038146973,10.675000190734863,9.177282333374023
28-01-2004,10.512499809265137,10.587499618530273,888800,10.6274995803833,10.537500381469727,9.059076309204102
29-01-2004,10.399999618530273,10.47249984741211,607600,10.4975004196167,10.462499618530273,8.99459457397461
30-01-2004,10.444999694824219,10.449999809265137,1711600,11.149999618530273,11.012499809265137,9.46743106842041
02-02-2004,10.77750015258789,10.842499732971191,1331200,11.0625,11.037500381469727,9.488924026489258
03-02-2004,10.975000381469727,10.975000381469727,1718800,11.337499618530273,11.262499809265137,9.682353973388672
04-02-2004,11.112500190734863,11.1875,2164800,11.425000190734863,11.324999809265137,9.736084938049316
05-02-2004,11.25,11.25,5950000,12.0,11.7524995803833,10.103606224060059
06-02-2004,11.6875,11.6875,1650000,12.085000038146973,11.949999809265137,10.273395538330078
09-02-2004,11.762499809265137,11.887499809265137,1955600,11.887499809265137,11.767499923706055,10.116501808166504
10-02-2004,11.625,11.649999618530273,2033600,11.699999809265137,11.649999618530273,10.015487670898438
11-02-2004,11.680000305175781,11.680000305175781,1745600,12.069999694824219,11.987500190734863,10.305636405944824
12-02-2004,11.829999923706055,11.869999885559082,997200,11.922499656677246,11.850000381469727,10.18742561340332
13-02-2004,11.737500190734863,11.800000190734863,1058800,11.854999542236328,11.837499618530273,10.176678657531738
17-02-2004,11.545000076293945,11.647500038146973,1216400,11.6875,11.5625,9.940263748168945
18-02-2004,11.512499809265137,11.512499809265137,611600,11.732500076293945,11.537500381469727,9.918769836425781
19-02-2004,11.524999618530273,11.587499618530273,322000,11.767499923706055,11.524999618530273,9.908023834228516
20-02-2004,11.329999923706055,11.475000381469727,1027600,11.484999656677246,11.342499732971191,9.751128196716309
23-02-2004,11.399999618530273,11.425000190734863,680000,11.552499771118164,11.425000190734863,9.822052955627441
24-02-2004,11.270000457763672,11.337499618530273,620800,11.425000190734863,11.382499694824219,9.785516738891602
25-02-2004,11.375,11.392499923706055,955600,11.487500190734863,11.452500343322754,9.845696449279785
26-02-2004,11.460000038146973,11.460000038146973,444800,11.604999542236328,11.5649995803833,9.942410469055176
27-02-2004,11.5024995803833,11.537500381469727,942000,11.789999961853027,11.765000343322754,10.114350318908691
01-03-2004,11.729999542236328,11.772500038146973,701200,11.819999694824219,11.802499771118164,10.146590232849121
02-03-2004,11.682499885559082,11.774999618530273,509600,11.8100004196167,11.6850004196167,10.045576095581055
03-03-2004,11.5024995803833,11.612500190734863,508800,11.612500190734863,11.585000038146973,9.959607124328613
04-03-2004,11.537500381469727,11.574999809265137,466800,11.675000190734863,11.630000114440918,9.998292922973633
05-03-2004,11.537500381469727,11.574999809265137,709200,11.774999618530273,11.774999618530273,10.122949600219727
08-03-2004,11.725000381469727,11.774999618530273,327200,11.837499618530273,11.837499618530273,10.176678657531738
09-03-2004,11.727499961853027,11.837499618530273,387200,11.837499618530273,11.727499961853027,10.082110404968262
10-03-2004,11.5625,11.727499961853027,439200,11.727499961853027,11.5649995803833,9.942410469055176
11-03-2004,11.412500381469727,11.462499618530273,353200,11.587499618530273,11.470000267028809,9.860740661621094
12-03-2004,11.385000228881836,11.5,384400,11.557499885559082,11.399999618530273,9.800559043884277
15-03-2004,11.142499923706055,11.34749984741211,532400,11.375,11.239999771118164,9.663009643554688
16-03-2004,11.130000114440918,11.239999771118164,623200,11.375,11.1875,9.617877006530762
17-03-2004,11.25,11.25,492400,11.324999809265137,11.282500267028809,9.699548721313477
18-03-2004,11.3125,11.324999809265137,621200,11.4375,11.364999771118164,9.77047061920166
19-03-2004,11.28499984741211,11.375,975200,11.640000343322754,11.449999809265137,9.843547821044922
22-03-2004,11.199999809265137,11.425000190734863,750000,11.4350004196167,11.220000267028809,9.645817756652832
23-03-2004,11.095000267028809,11.220000267028809,774000,11.220000267028809,11.149999618530273,9.585636138916016
24-03-2004,11.100000381469727,11.149999618530273,293600,11.1875,11.100000381469727,9.54265308380127
25-03-2004,11.082500457763672,11.112500190734863,558400,11.147500038146973,11.1225004196167,9.561994552612305
26-03-2004,11.1225004196167,11.25,320000,11.279999732971191,11.1875,9.617877006530762
29-03-2004,11.135000228881836,11.162500381469727,480000,11.289999961853027,11.232500076293945,9.656561851501465
30-03-2004,11.232500076293945,11.234999656677246,358000,11.350000381469727,11.342499732971191,9.751128196716309
31-03-2004,11.282500267028809,11.345000267028809,441200,11.427499771118164,11.297499656677246,9.712442398071289
01-04-2004,11.175000190734863,11.297499656677246,1255600,11.307499885559082,11.210000038146973,9.637216567993164
02-04-2004,11.15250015258789,11.15250015258789,691200,11.287500381469727,11.274999618530273,9.693100929260254
05-04-2004,11.345000267028809,11.375,616800,11.462499618530273,11.425000190734863,9.822052955627441
06-04-2004,11.425000190734863,11.425000190734863,712400,11.682499885559082,11.602499961853027,9.974651336669922
07-04-2004,11.574999809265137,11.647500038146973,1279200,11.720000267028809,11.702500343322754,10.06062126159668
08-04-2004,11.662500381469727,11.725000381469727,490800,11.792499542236328,11.662500381469727,10.026233673095703
12-04-2004,11.600000381469727,11.664999961853027,328800,11.725000381469727,11.725000381469727,10.079963684082031
13-04-2004,11.625,11.672499656677246,866000,11.697500228881836,11.649999618530273,10.015487670898438
14-04-2004,11.492500305175781,11.492500305175781,1417600,11.574999809265137,11.5649995803833,9.942410469055176
15-04-2004,11.5649995803833,11.582500457763672,632800,11.640000343322754,11.625,9.993993759155273
16-04-2004,11.614999771118164,11.6274995803833,372800,11.699999809265137,11.672499656677246,10.03482723236084
19-04-2004,11.595000267028809,11.675000190734863,303200,11.75,11.6875,10.047723770141602
20-04-2004,11.637499809265137,11.699999809265137,312000,11.72249984741211,11.6899995803833,10.049873352050781
21-04-2004,11.600000381469727,11.662500381469727,822000,11.962499618530273,11.954999923706055,10.277697563171387
22-04-2004,11.920000076293945,11.992500305175781,485200,12.0625,12.0625,10.370110511779785
23-04-2004,11.949999809265137,12.024999618530273,527200,12.057499885559082,12.024999618530273,10.337871551513672
26-04-2004,11.912500381469727,12.024999618530273,370800,12.1875,11.949999809265137,10.273395538330078
27-04-2004,12.125,12.125,1160400,12.470000267028809,12.352499961853027,10.619423866271973
28-04-2004,12.305000305175781,12.352499961853027,1054000,12.460000038146973,12.4350004196167,10.690348625183105
29-04-2004,12.262499809265137,12.262499809265137,1036800,12.460000038146973,12.382499694824219,10.64521312713623
30-04-2004,12.175000190734863,12.375,1366800,12.375,12.319999694824219,10.591482162475586
03-05-2004,12.237500190734863,12.317500114440918,758800,12.3725004196167,12.3149995803833,10.587185859680176
04-05-2004,12.257499694824219,12.257499694824219,616000,12.487500190734863,12.462499618530273,10.713991165161133
05-05-2004,12.362500190734863,12.4375,903600,12.725000381469727,12.680000305175781,10.90097427368164
06-05-2004,12.427499771118164,12.574999809265137,517200,12.574999809265137,12.427499771118164,10.68389892578125
07-05-2004,12.207500457763672,12.425000190734863,526400,12.444999694824219,12.212499618530273,10.499064445495605
10-05-2004,11.829999923706055,11.932499885559082,690800,11.982500076293945,11.899999618530273,10.230411529541016
11-05-2004,11.875,11.875,437200,12.024999618530273,11.947500228881836,10.271246910095215
12-05-2004,11.850000381469727,11.949999809265137,750000,12.0024995803833,11.9375,10.26264762878418
13-05-2004,11.8149995803833,11.824999809265137,837600,12.0,11.967499732971191,10.288442611694336
14-05-2004,11.927499771118164,11.982500076293945,496800,12.045000076293945,11.982500076293945,10.301336288452148
17-05-2004,11.75,11.9375,697200,11.9399995803833,11.7524995803833,10.103606224060059
18-05-2004,11.912500381469727,11.912500381469727,721600,12.162500381469727,12.149999618530273,10.445335388183594
19-05-2004,12.162500381469727,12.255000114440918,533600,12.297499656677246,12.170000076293945,10.462530136108398
20-05-2004,12.0,12.100000381469727,333200,12.135000228881836,12.112500190734863,10.413097381591797
21-05-2004,12.067500114440918,12.175000190734863,466000,12.175000190734863,12.15250015258789,10.447486877441406
24-05-2004,12.137499809265137,12.149999618530273,558400,12.28499984741211,12.2524995803833,10.533455848693848
25-05-2004,12.265000343322754,12.287500381469727,596400,12.4375,12.430000305175781,10.686052322387695
26-05-2004,12.430000305175781,12.5,462400,12.642499923706055,12.59000015258789,10.823601722717285
27-05-2004,12.5625,12.6875,620000,12.725000381469727,12.707500457763672,10.924616813659668
28-05-2004,12.6225004196167,12.625,353200,12.712499618530273,12.699999809265137,10.918167114257812
01-06-2004,12.529999732971191,12.5625,345600,12.600000381469727,12.579999923706055,10.8150053024292
02-06-2004,12.3774995803833,12.579999923706055,492000,12.579999923706055,12.484999656677246,10.7333345413208
03-06-2004,12.3725004196167,12.4375,820400,12.5625,12.399999618530273,10.660256385803223
04-06-2004,12.407500267028809,12.449999809265137,451600,12.5,12.407500267028809,10.666709899902344
07-06-2004,12.425000190734863,12.470000267028809,313200,12.537500381469727,12.524999618530273,10.767721176147461
08-06-2004,12.470000267028809,12.5,292400,12.582500457763672,12.582500457763672,10.817153930664062
09-06-2004,12.40250015258789,12.532500267028809,267600,12.640000343322754,12.40999984741211,10.66885757446289
10-06-2004,12.47249984741211,12.47249984741211,411600,12.675000190734863,12.614999771118164,10.84508991241455
14-06-2004,12.5024995803833,12.574999809265137,366000,12.600000381469727,12.574999809265137,10.810705184936523
15-06-2004,12.625,12.625,425600,12.797499656677246,12.75,10.961153984069824
16-06-2004,12.587499618530273,12.75,628400,12.75,12.710000038146973,10.926765441894531
17-06-2004,12.572500228881836,12.712499618530273,468000,12.84749984741211,12.78499984741211,10.991243362426758
18-06-2004,12.78499984741211,12.78499984741211,698800,12.9399995803833,12.867500305175781,11.062169075012207
21-06-2004,12.887499809265137,12.899999618530273,600400,12.9975004196167,12.890000343322754,11.081511497497559
22-06-2004,12.677499771118164,12.875,629600,12.912500381469727,12.875,11.06861686706543
23-06-2004,12.642499923706055,12.875,562400,12.875,12.720000267028809,10.935359954833984
24-06-2004,12.5625,12.720000267028809,900800,12.77750015258789,12.609999656677246,10.840794563293457
25-06-2004,12.4975004196167,12.612500190734863,535200,12.680000305175781,12.604999542236328,10.836499214172363
28-06-2004,12.5,12.547499656677246,327200,12.6225004196167,12.600000381469727,10.832198143005371
29-06-2004,12.550000190734863,12.550000190734863,657200,12.729999542236328,12.725000381469727,10.93966293334961
30-06-2004,12.6899995803833,12.699999809265137,600000,12.795000076293945,12.739999771118164,10.952557563781738
01-07-2004,12.6875,12.774999618530273,594400,12.792499542236328,12.737500190734863,10.950407981872559
02-07-2004,12.742500305175781,12.774999618530273,347600,12.84000015258789,12.787500381469727,10.99339485168457
06-07-2004,12.507499694824219,12.625,1605200,12.907500267028809,12.875,11.06861686706543
07-07-2004,12.6875,12.875,637600,12.899999618530273,12.739999771118164,10.952557563781738
08-07-2004,12.522500038146973,12.800000190734863,1260800,12.800000190734863,12.550000190734863,10.789214134216309
09-07-2004,12.322500228881836,12.5625,436800,12.600000381469727,12.3774995803833,10.640915870666504
12-07-2004,12.140000343322754,12.25,952400,12.319999694824219,12.149999618530273,10.445335388183594
13-07-2004,12.25,12.25,534800,12.420000076293945,12.367500305175781,10.632318496704102
14-07-2004,12.337499618530273,12.337499618530273,386000,12.454999923706055,12.354999542236328,10.62157154083252
15-07-2004,12.212499618530273,12.352499961853027,756800,12.395000457763672,12.282500267028809,10.559248924255371
16-07-2004,12.217499732971191,12.279999732971191,441200,12.300000190734863,12.242500305175781,10.524857521057129
19-07-2004,12.145000457763672,12.287500381469727,429200,12.3125,12.212499618530273,10.499064445495605
20-07-2004,12.102499961853027,12.199999809265137,525200,12.225000381469727,12.225000381469727,10.509814262390137
21-07-2004,12.175000190734863,12.1875,393600,12.295000076293945,12.197500228881836,10.486170768737793
22-07-2004,12.005000114440918,12.175000190734863,870000,12.177499771118164,12.0625,10.370110511779785
23-07-2004,12.022500038146973,12.0625,292000,12.112500190734863,12.095000267028809,10.398050308227539
26-07-2004,11.899999618530273,12.112500190734863,338000,12.112500190734863,11.925000190734863,10.251900672912598
27-07-2004,11.8725004196167,11.949999809265137,927200,12.029999732971191,11.925000190734863,10.251900672912598
28-07-2004,11.732500076293945,11.925000190734863,946400,11.9375,11.845000267028809,10.183126449584961
29-07-2004,11.762499809265137,11.795000076293945,748400,12.125,12.125,10.423844337463379
30-07-2004,12.154999732971191,12.154999732971191,1142000,12.3125,12.25,10.531304359436035
02-08-2004,12.199999809265137,12.220000267028809,784800,12.600000381469727,12.557499885559082,10.795662879943848
03-08-2004,12.447500228881836,12.5,718400,12.6274995803833,12.5024995803833,10.748377799987793
04-08-2004,12.414999961853027,12.475000381469727,623200,12.592499732971191,12.59000015258789,10.823601722717285
05-08-2004,12.0,12.59000015258789,1051200,12.604999542236328,12.0024995803833,10.318530082702637
06-08-2004,10.587499618530273,11.7475004196167,5402800,11.875,10.975000381469727,9.43519115447998
09-08-2004,10.949999809265137,11.037500381469727,1151200,11.055000305175781,11.029999732971191,9.482475280761719
10-08-2004,11.157500267028809,11.25,1671600,11.4399995803833,11.350000381469727,9.757575988769531
11-08-2004,11.125,11.350000381469727,1145200,11.382499694824219,11.3774995803833,9.781217575073242
12-08-2004,11.119999885559082,11.3125,1148400,11.3149995803833,11.177499771118164,9.609277725219727
13-08-2004,10.925000190734863,11.130000114440918,1130000,11.194999694824219,11.037500381469727,9.488924026489258
16-08-2004,10.949999809265137,10.949999809265137,928800,11.25,11.242500305175781,9.665160179138184
17-08-2004,11.149999618530273,11.242500305175781,671600,11.319999694824219,11.289999961853027,9.70599365234375
18-08-2004,11.22249984741211,11.237500190734863,798400,11.367500305175781,11.362500190734863,9.768321990966797
19-08-2004,11.300000190734863,11.350000381469727,682000,11.420000076293945,11.40250015258789,9.802709579467773
20-08-2004,11.447500228881836,11.449999809265137,411600,11.632499694824219,11.604999542236328,9.976799011230469
23-08-2004,11.477499961853027,11.505000114440918,882400,11.630000114440918,11.602499961853027,9.974651336669922
24-08-2004,11.297499656677246,11.375,1918400,11.672499656677246,11.662500381469727,10.026233673095703
25-08-2004,11.625,11.625,1080400,11.832500457763672,11.742500305175781,10.095006942749023
26-08-2004,11.697500228881836,11.725000381469727,603200,11.797499656677246,11.720000267028809,10.075666427612305
27-08-2004,11.850000381469727,11.952500343322754,729600,11.975000381469727,11.957500457763672,10.2798433303833
30-08-2004,11.78499984741211,11.800000190734863,799200,11.899999618530273,11.850000381469727,10.18742561340332
31-08-2004,11.75,11.75,488800,11.942500114440918,11.942500114440918,10.266949653625488
01-09-2004,11.942500114440918,11.942500114440918,403600,12.047499656677246,12.010000228881836,10.324975967407227
02-09-2004,11.949999809265137,11.949999809265137,724000,12.25,12.172499656677246,10.464677810668945
03-09-2004,12.047499656677246,12.112500190734863,604000,12.175000190734863,12.047499656677246,10.357216835021973
07-09-2004,11.9975004196167,11.9975004196167,486400,12.204999923706055,12.114999771118164,10.415244102478027
08-09-2004,12.1225004196167,12.125,406400,12.327500343322754,12.199999809265137,10.48831844329834
09-09-2004,11.954999923706055,12.162500381469727,1091600,12.199999809265137,11.984999656677246,10.303483963012695
10-09-2004,11.904999732971191,11.9350004196167,540000,12.229999542236328,12.157500267028809,10.451784133911133
13-09-2004,12.092499732971191,12.149999618530273,649600,12.3149995803833,12.262499809265137,10.542052268981934
14-09-2004,12.234999656677246,12.262499809265137,1093200,12.369999885559082,12.367500305175781,10.632318496704102
15-09-2004,12.087499618530273,12.220000267028809,620800,12.257499694824219,12.104999542236328,10.406649589538574
16-09-2004,11.949999809265137,11.992500305175781,651200,12.045000076293945,11.984999656677246,10.303483963012695
17-09-2004,11.930000305175781,11.932499885559082,814400,12.037500381469727,11.97249984741211,10.292736053466797
20-09-2004,11.859999656677246,11.880000114440918,1084400,11.949999809265137,11.897500038146973,10.228262901306152
21-09-2004,11.9399995803833,12.024999618530273,880800,12.092499732971191,12.0,10.31637954711914
22-09-2004,12.087499618530273,12.125,1518000,12.1875,12.142499923706055,10.438889503479004
23-09-2004,11.932499885559082,12.1875,768800,12.234999656677246,12.024999618530273,10.337871551513672
24-09-2004,12.005000114440918,12.012499809265137,289200,12.1274995803833,12.045000076293945,10.35506534576416
27-09-2004,11.975000381469727,12.045000076293945,630000,12.0625,11.9975004196167,10.314230918884277
28-09-2004,11.732500076293945,12.0,1819600,12.007499694824219,11.797499656677246,10.142292976379395
29-09-2004,11.792499542236328,11.800000190734863,825200,12.087499618530273,12.005000114440918,10.320677757263184
30-09-2004,11.8774995803833,11.952500343322754,579600,12.0024995803833,11.90250015258789,10.232560157775879
01-10-2004,11.897500038146973,11.90250015258789,398800,11.9975004196167,11.9375,10.26264762878418
04-10-2004,11.887499809265137,11.925000190734863,1034800,12.02750015258789,11.989999771118164,10.307783126831055
05-10-2004,11.662500381469727,11.989999771118164,1996400,11.992500305175781,11.704999923706055,10.062768936157227
06-10-2004,10.757499694824219,11.699999809265137,8605600,11.71500015258789,11.050000190734863,9.499666213989258
07-10-2004,10.837499618530273,11.112500190734863,2352400,11.112500190734863,10.962499618530273,9.424439430236816
08-10-2004,10.824999809265137,11.1225004196167,2307600,11.170000076293945,10.864999771118164,9.340622901916504
11-10-2004,10.875,10.875,1488800,10.9975004196167,10.949999809265137,9.413695335388184
12-10-2004,11.079999923706055,11.212499618530273,2862400,11.524999618530273,11.420000076293945,9.817752838134766
13-10-2004,11.307499885559082,11.600000381469727,1431600,11.612500190734863,11.382499694824219,9.785516738891602
14-10-2004,11.287500381469727,11.4375,474800,11.477499961853027,11.332500457763672,9.742533683776855
15-10-2004,11.132499694824219,11.375,1698000,11.385000228881836,11.212499618530273,9.639371871948242
18-10-2004,11.1899995803833,11.199999809265137,946000,11.367500305175781,11.25,9.67160701751709
19-10-2004,11.220000267028809,11.375,728000,11.460000038146973,11.282500267028809,9.699548721313477
20-10-2004,11.40999984741211,11.5,1081600,11.545000076293945,11.462499618530273,9.854290962219238
21-10-2004,11.457500457763672,11.520000457763672,901600,11.524999618530273,11.5,9.886534690856934
22-10-2004,11.335000038146973,11.625,1184000,11.635000228881836,11.385000228881836,9.787666320800781
25-10-2004,11.332500457763672,11.399999618530273,1263600,11.462499618530273,11.430000305175781,9.826351165771484
26-10-2004,11.537500381469727,11.5625,1405600,11.672499656677246,11.6274995803833,9.996139526367188
27-10-2004,11.619999885559082,11.762499809265137,880400,11.84749984741211,11.800000190734863,10.144441604614258
28-10-2004,11.569999694824219,11.875,1819200,11.887499809265137,11.725000381469727,10.079963684082031
29-10-2004,11.6274995803833,11.762499809265137,595600,11.77750015258789,11.75,10.101456642150879
01-11-2004,11.577500343322754,11.664999961853027,800400,11.707500457763672,11.612500190734863,9.983248710632324
02-11-2004,11.577500343322754,11.614999771118164,1383600,11.787500381469727,11.7524995803833,10.103606224060059
03-11-2004,11.8125,11.925000190734863,1240000,11.977499961853027,11.90999984741211,10.239007949829102
04-11-2004,11.6875,11.850000381469727,1736800,11.850000381469727,11.842499732971191,10.180980682373047
05-11-2004,11.852499961853027,11.867500305175781,974800,11.992500305175781,11.96500015258789,10.286290168762207
08-11-2004,11.952500343322754,12.0,1480000,12.192500114440918,11.952500343322754,10.275542259216309
09-11-2004,11.954999923706055,12.0,2810800,12.380000114440918,12.34000015258789,10.608678817749023
10-11-2004,12.34000015258789,12.34000015258789,2527600,12.867500305175781,12.512499809265137,10.756974220275879
11-11-2004,12.5,12.5,1577600,12.800000190734863,12.762499809265137,10.971903800964355
12-11-2004,12.6274995803833,12.649999618530273,688800,12.75,12.75,10.961153984069824
15-11-2004,12.699999809265137,12.699999809265137,493600,12.797499656677246,12.739999771118164,10.952557563781738
16-11-2004,12.484999656677246,12.725000381469727,1508800,12.727499961853027,12.505000114440918,10.750527381896973
17-11-2004,12.3725004196167,12.375,2194000,12.545000076293945,12.475000381469727,10.724738121032715
18-11-2004,12.420000076293945,12.454999923706055,497600,12.510000228881836,12.487500190734863,10.73548412322998
19-11-2004,12.337499618530273,12.515000343322754,732400,12.547499656677246,12.337499618530273,10.606526374816895
22-11-2004,12.074999809265137,12.074999809265137,2199600,12.295000076293945,12.21500015258789,10.501216888427734
23-11-2004,12.212499618530273,12.212499618530273,817600,12.5,12.399999618530273,10.660256385803223
24-11-2004,12.289999961853027,12.375,788800,12.449999809265137,12.432499885559082,10.688197135925293
26-11-2004,12.385000228881836,12.399999618530273,146000,12.517499923706055,12.475000381469727,10.724738121032715
29-11-2004,12.375,12.387499809265137,1068000,12.6875,12.604999542236328,10.836499214172363
30-11-2004,12.447500228881836,12.512499809265137,689200,12.600000381469727,12.515000343322754,10.759125709533691
01-12-2004,12.399999618530273,12.422499656677246,779200,12.667499542236328,12.654999732971191,10.879483222961426
02-12-2004,12.612500190734863,12.662500381469727,524000,12.772500038146973,12.654999732971191,10.879483222961426
03-12-2004,12.65999984741211,12.6875,964000,12.797499656677246,12.774999618530273,10.982645988464355
06-12-2004,12.399999618530273,12.524999618530273,965600,12.649999618530273,12.40250015258789,10.66241455078125
07-12-2004,12.192500114440918,12.40250015258789,956800,12.462499618530273,12.217499732971191,10.503366470336914
08-12-2004,12.0625,12.0625,672400,12.449999809265137,12.4350004196167,10.690348625183105
09-12-2004,12.225000381469727,12.3125,1207600,12.4399995803833,12.414999961853027,10.673151969909668
10-12-2004,12.302499771118164,12.327500343322754,554000,12.557499885559082,12.507499694824219,10.752676010131836
13-12-2004,12.462499618530273,12.462499618530273,706000,12.664999961853027,12.600000381469727,10.832198143005371
14-12-2004,12.542499542236328,12.550000190734863,534400,12.712499618530273,12.625,10.853693962097168
15-12-2004,12.619999885559082,12.6225004196167,476000,12.744999885559082,12.702500343322754,10.920319557189941
16-12-2004,12.515000343322754,12.707500457763672,326400,12.707500457763672,12.612500190734863,10.842947959899902
17-12-2004,12.612500190734863,12.612500190734863,692800,12.77750015258789,12.727499961853027,10.941812515258789
20-12-2004,12.572500228881836,12.600000381469727,298000,12.737500190734863,12.595000267028809,10.827898979187012
21-12-2004,12.47249984741211,12.5625,558800,12.600000381469727,12.59749984741211,10.830052375793457
22-12-2004,12.529999732971191,12.572500228881836,205200,12.675000190734863,12.635000228881836,10.862288475036621
23-12-2004,12.5,12.537500381469727,245600,12.637499809265137,12.547499656677246,10.787065505981445
27-12-2004,12.492500305175781,12.547499656677246,256400,12.585000038146973,12.550000190734863,10.789214134216309
28-12-2004,12.552499771118164,12.552499771118164,330400,12.7475004196167,12.739999771118164,10.952557563781738
29-12-2004,12.654999732971191,12.654999732971191,179200,12.737500190734863,12.720000267028809,10.935359954833984
30-12-2004,12.662500381469727,12.699999809265137,138000,12.772500038146973,12.725000381469727,10.93966293334961
31-12-2004,12.725000381469727,12.725000381469727,291200,12.78499984741211,12.774999618530273,10.982645988464355
03-01-2005,12.682499885559082,12.800000190734863,955600,12.9350004196167,12.702500343322754,10.920319557189941
04-01-2005,12.582500457763672,12.712499618530273,1304000,12.725000381469727,12.632499694824219,10.86014175415039
05-01-2005,12.595000267028809,12.6274995803833,776800,12.725000381469727,12.649999618530273,10.875184059143066
06-01-2005,12.647500038146973,12.712499618530273,594400,12.762499809265137,12.647500038146973,10.873032569885254
07-01-2005,12.5625,12.637499809265137,456800,12.649999618530273,12.59749984741211,10.830052375793457
10-01-2005,12.569999694824219,12.592499732971191,552800,12.8100004196167,12.699999809265137,10.918167114257812
11-01-2005,12.65999984741211,12.699999809265137,496400,12.725000381469727,12.670000076293945,10.892379760742188
12-01-2005,12.542499542236328,12.670000076293945,398000,12.697500228881836,12.542499542236328,10.782764434814453
13-01-2005,12.4350004196167,12.5024995803833,857200,12.524999618530273,12.452500343322754,10.705394744873047
14-01-2005,12.3774995803833,12.417499542236328,798400,12.4975004196167,12.489999771118164,10.737632751464844
18-01-2005,12.25,12.262499809265137,805200,12.515000343322754,12.46500015258789,10.716140747070312
19-01-2005,12.40250015258789,12.40250015258789,456000,12.489999771118164,12.467499732971191,10.71828842163086
20-01-2005,12.3725004196167,12.387499809265137,1026000,12.677499771118164,12.637499809265137,10.864437103271484
21-01-2005,12.637499809265137,12.637499809265137,1561600,12.984999656677246,12.869999885559082,11.06431770324707
24-01-2005,12.6225004196167,12.637499809265137,854400,12.774999618530273,12.707500457763672,10.924616813659668
25-01-2005,12.625,12.6875,451600,12.819999694824219,12.625,10.853693962097168
26-01-2005,12.567500114440918,12.645000457763672,315200,12.770000457763672,12.737500190734863,10.950407981872559
27-01-2005,12.632499694824219,12.725000381469727,548400,12.817500114440918,12.717499732971191,10.933215141296387
28-01-2005,12.5,12.707500457763672,468400,12.727499961853027,12.614999771118164,10.84508991241455
31-01-2005,12.609999656677246,12.612500190734863,702000,12.845000267028809,12.824999809265137,11.02563190460205
01-02-2005,12.8125,12.8125,1010000,13.119999885559082,13.069999694824219,11.23625659942627
02-02-2005,13.149999618530273,13.149999618530273,883200,13.385000228881836,13.385000228881836,11.507061958312988
03-02-2005,13.164999961853027,13.1875,881200,13.327500343322754,13.2475004196167,11.38885498046875
04-02-2005,14.092499732971191,14.125,8566400,15.262499809265137,15.104999542236328,12.985746383666992
07-02-2005,14.899999618530273,14.899999618530273,3619600,15.199999809265137,14.949999809265137,12.85248851776123
08-02-2005,14.6899995803833,14.6899995803833,2616800,15.0625,14.982500076293945,12.880430221557617
09-02-2005,14.770000457763672,14.862500190734863,1042800,14.987500190734863,14.770000457763672,12.69774341583252
10-02-2005,14.677499771118164,14.692500114440918,1559200,15.0600004196167,15.020000457763672,12.912671089172363
11-02-2005,14.925000190734863,14.925000190734863,619600,15.172499656677246,15.125,13.002941131591797
14-02-2005,14.975000381469727,15.0,712000,15.072500228881836,15.029999732971191,12.92126750946045
15-02-2005,14.932499885559082,14.962499618530273,654800,15.182499885559082,15.047499656677246,12.936309814453125
16-02-2005,14.944999694824219,15.005000114440918,1190400,15.100000381469727,14.994999885559082,12.89117431640625
17-02-2005,14.882499694824219,14.932499885559082,577600,15.024999618530273,14.957500457763672,12.858941078186035
18-02-2005,14.895000457763672,14.925000190734863,716800,15.055000305175781,14.912500381469727,12.820253372192383
22-02-2005,14.760000228881836,14.979999542236328,641600,15.100000381469727,14.774999618530273,12.702041625976562
23-02-2005,14.737500190734863,14.75,568400,14.904999732971191,14.760000228881836,12.689149856567383
24-02-2005,14.670000076293945,14.75,485200,14.767499923706055,14.755000114440918,12.684849739074707
25-02-2005,14.649999618530273,14.649999618530273,731600,14.824999809265137,14.795000076293945,12.719239234924316
28-02-2005,14.717499732971191,14.737500190734863,894800,14.807499885559082,14.737500190734863,12.669803619384766
01-03-2005,14.729999542236328,14.737500190734863,2048800,14.8125,14.734999656677246,12.667654991149902
02-03-2005,14.699999809265137,14.787500381469727,701600,14.925000190734863,14.7524995803833,12.682699203491211
03-03-2005,14.704999923706055,14.875,866800,15.135000228881836,14.729999542236328,12.66335391998291
04-03-2005,14.704999923706055,14.75,798800,14.829999923706055,14.742500305175781,12.674100875854492
07-03-2005,14.3774995803833,14.5,1290800,14.662500381469727,14.600000381469727,12.551597595214844
08-03-2005,14.342499732971191,14.574999809265137,926000,14.574999809265137,14.399999618530273,12.379655838012695
09-03-2005,14.024999618530273,14.369999885559082,1721600,14.369999885559082,14.100000381469727,12.121748924255371
10-03-2005,13.77750015258789,14.125,1739200,14.1875,13.8774995803833,11.930465698242188
11-03-2005,13.922499656677246,13.975000381469727,1536000,14.072500228881836,14.0,12.035778999328613
14-03-2005,13.970000267028809,13.9975004196167,1353200,14.3125,14.212499618530273,12.218461036682129
15-03-2005,14.25,14.3125,843200,14.350000381469727,14.307499885559082,12.300131797790527
16-03-2005,14.237500190734863,14.274999618530273,747600,14.357500076293945,14.274999618530273,12.272192001342773
17-03-2005,14.177499771118164,14.337499618530273,454000,14.350000381469727,14.194999694824219,12.203417778015137
18-03-2005,14.199999809265137,14.199999809265137,582800,14.319999694824219,14.3125,12.30443286895752
21-03-2005,14.069999694824219,14.3125,281200,14.3149995803833,14.145000457763672,12.16043472290039
22-03-2005,14.107500076293945,14.149999618530273,464000,14.265000343322754,14.137499809265137,12.153982162475586
23-03-2005,13.8774995803833,13.9375,448000,14.042499542236328,13.907500267028809,11.956254959106445
24-03-2005,13.957500457763672,13.957500457763672,655200,14.302499771118164,14.242500305175781,12.244255065917969
28-03-2005,14.237500190734863,14.237500190734863,542000,14.442500114440918,14.282500267028809,12.278645515441895
29-03-2005,14.154999732971191,14.265000343322754,468800,14.404999732971191,14.175000190734863,12.186225891113281
30-03-2005,13.952500343322754,14.0,544000,14.114999771118164,14.102499961853027,12.123897552490234
31-03-2005,14.007499694824219,14.0625,588800,14.199999809265137,14.100000381469727,12.121748924255371
01-04-2005,14.042499542236328,14.149999618530273,334400,14.25,14.074999809265137,12.10025405883789
04-04-2005,13.957500457763672,14.0,452800,14.217499732971191,14.15999984741211,12.173330307006836
05-04-2005,14.229999542236328,14.375,425600,14.399999618530273,14.357500076293945,12.343119621276855
06-04-2005,14.357500076293945,14.357500076293945,535600,14.522500038146973,14.475000381469727,12.444133758544922
07-04-2005,14.475000381469727,14.475000381469727,2080000,15.300000190734863,15.207500457763672,13.073863983154297
08-04-2005,14.819999694824219,15.024999618530273,1284000,15.112500190734863,15.092499732971191,12.974998474121094
11-04-2005,14.912500381469727,14.912500381469727,821200,15.302499771118164,15.217499732971191,13.08245849609375
12-04-2005,15.149999618530273,15.217499732971191,832400,15.34749984741211,15.300000190734863,13.153388023376465
13-04-2005,15.25,15.3100004196167,891600,15.40999984741211,15.350000381469727,13.196370124816895
14-04-2005,15.1274995803833,15.274999618530273,898000,15.297499656677246,15.220000267028809,13.08460807800293
15-04-2005,14.930000305175781,15.050000190734863,786800,15.132499694824219,15.010000228881836,12.904069900512695
18-04-2005,14.757499694824219,14.787500381469727,1057600,14.977499961853027,14.944999694824219,12.848193168640137
19-04-2005,14.882499694824219,14.899999618530273,1183200,15.22249984741211,15.180000305175781,13.050222396850586
20-04-2005,15.149999618530273,15.180000305175781,879200,15.449999809265137,15.292499542236328,13.146936416625977
21-04-2005,15.194999694824219,15.292499542236328,1227600,15.417499542236328,15.3774995803833,13.220011711120605
22-04-2005,15.175000190734863,15.1875,544400,15.40250015258789,15.322500228881836,13.172727584838867
25-04-2005,15.199999809265137,15.199999809265137,862800,15.600000381469727,15.542499542236328,13.361862182617188
26-04-2005,15.25,15.387499809265137,586400,15.515000343322754,15.46500015258789,13.295235633850098
27-04-2005,15.3125,15.3125,486000,15.632499694824219,15.550000190734863,13.36830997467041
28-04-2005,15.387499809265137,15.387499809265137,418800,15.579999923706055,15.552499771118164,13.37045955657959
29-04-2005,15.282500267028809,15.550000190734863,623200,15.550000190734863,15.524999618530273,13.346817970275879
02-05-2005,15.539999961853027,15.574999809265137,870000,15.744999885559082,15.600000381469727,13.411293983459473
03-05-2005,15.332500457763672,15.470000267028809,1219200,15.537500381469727,15.489999771118164,13.316728591918945
04-05-2005,15.412500381469727,15.515000343322754,918800,15.7524995803833,15.71500015258789,13.510162353515625
05-05-2005,15.607500076293945,15.71500015258789,1342000,15.895000457763672,15.75,13.54024887084961
06-05-2005,15.09000015258789,15.4375,3007600,15.899999618530273,15.762499809265137,13.550997734069824
09-05-2005,15.824999809265137,15.824999809265137,867200,16.147499084472656,15.895000457763672,13.664908409118652
10-05-2005,15.545000076293945,15.662500381469727,752800,15.75,15.729999542236328,13.523055076599121
11-05-2005,15.595000267028809,15.725000381469727,1872800,15.8100004196167,15.8100004196167,13.591829299926758
12-05-2005,15.647500038146973,15.800000190734863,1180800,15.802499771118164,15.727499961853027,13.520907402038574
13-05-2005,15.462499618530273,15.667499542236328,545200,15.667499542236328,15.517499923706055,13.34036922454834
16-05-2005,15.357500076293945,15.399999618530273,839200,15.59000015258789,15.59000015258789,13.402700424194336
17-05-2005,15.4375,15.59000015258789,530400,15.59000015258789,15.507499694824219,13.331771850585938
18-05-2005,15.572500228881836,15.574999809265137,827200,15.854999542236328,15.829999923706055,13.609023094177246
19-05-2005,15.8774995803833,15.887499809265137,805600,16.079999923706055,16.02750015258789,13.778818130493164
20-05-2005,15.854999542236328,16.100000381469727,740000,16.125,15.932499885559082,13.6971435546875
23-05-2005,15.854999542236328,15.895000457763672,786800,16.110000610351562,16.084999084472656,13.82824993133545
24-05-2005,16.030000686645508,16.065000534057617,646400,16.237499237060547,16.079999923706055,13.823948860168457
25-05-2005,15.789999961853027,16.079999923706055,442400,16.079999923706055,15.8725004196167,13.645564079284668
26-05-2005,15.787500381469727,15.897500038146973,356800,15.897500038146973,15.862500190734863,13.636963844299316
27-05-2005,15.760000228881836,15.800000190734863,390400,15.850000381469727,15.774999618530273,13.56174373626709
31-05-2005,15.617500305175781,15.675000190734863,776400,15.737500190734863,15.617500305175781,13.426339149475098
01-06-2005,15.607500076293945,15.617500305175781,756000,15.702500343322754,15.6899995803833,13.488665580749512
02-06-2005,15.5625,15.600000381469727,503200,15.699999809265137,15.6274995803833,13.4349365234375
03-06-2005,15.585000038146973,15.59000015258789,861600,15.729999542236328,15.649999618530273,13.4542818069458
06-06-2005,15.5024995803833,15.550000190734863,692000,15.817500114440918,15.779999732971191,13.5660400390625
07-06-2005,15.837499618530273,15.837499618530273,919200,16.372499465942383,16.092500686645508,13.834698677062988
08-06-2005,16.0,16.25,637600,16.25,16.017499923706055,13.770217895507812
09-06-2005,15.850000381469727,15.994999885559082,548400,16.0,15.922499656677246,13.688546180725098
10-06-2005,15.880000114440918,15.922499656677246,350400,16.0,15.90999984741211,13.677802085876465
13-06-2005,15.375,15.774999618530273,1700400,15.787500381469727,15.475000381469727,13.3038330078125
14-06-2005,15.225000381469727,15.462499618530273,1412000,15.512499809265137,15.270000457763672,13.127594947814941
15-06-2005,15.109999656677246,15.417499542236328,1967600,15.5625,15.1875,13.056669235229492
16-06-2005,15.1875,15.1875,1620800,15.414999961853027,15.350000381469727,13.196370124816895
17-06-2005,15.1875,15.470000267028809,1183600,15.482500076293945,15.2475004196167,13.108253479003906
20-06-2005,15.0,15.149999618530273,574000,15.260000228881836,15.005000114440918,12.899774551391602
21-06-2005,14.864999771118164,15.007499694824219,1013600,15.207500457763672,15.1899995803833,13.058817863464355
22-06-2005,15.210000038146973,15.220000267028809,1612000,15.399999618530273,15.395000457763672,13.235055923461914
23-06-2005,15.395000457763672,15.395000457763672,1135600,15.617500305175781,15.5,13.325323104858398
24-06-2005,15.40999984741211,15.510000228881836,594000,15.557499885559082,15.425000190734863,13.260847091674805
27-06-2005,15.274999618530273,15.375,1119200,15.385000228881836,15.352499961853027,13.198519706726074
28-06-2005,15.5,15.5,2302800,16.209999084472656,16.045000076293945,13.79386043548584
29-06-2005,16.137500762939453,16.162500381469727,2834000,16.772499084472656,16.56999969482422,14.245205879211426
30-06-2005,16.372499465942383,16.4325008392334,1572800,16.712499618530273,16.497499465942383,14.182872772216797
01-07-2005,16.262500762939453,16.4375,1105600,16.552499771118164,16.489999771118164,14.176427841186523
05-07-2005,16.325000762939453,16.325000762939453,1092000,16.655000686645508,16.614999771118164,14.28388500213623
06-07-2005,16.309999465942383,16.592500686645508,1500000,16.592500686645508,16.479999542236328,14.167831420898438
07-07-2005,16.094999313354492,16.232500076293945,2040800,16.625,16.5575008392334,14.234457015991211
08-07-2005,16.545000076293945,16.5575008392334,931200,17.0674991607666,16.9950008392334,14.610574722290039
11-07-2005,16.672500610351562,16.850000381469727,967600,16.9950008392334,16.915000915527344,14.541796684265137
12-07-2005,16.697500228881836,16.762500762939453,729200,16.90999984741211,16.860000610351562,14.494515419006348
13-07-2005,16.469999313354492,16.75,811200,16.75749969482422,16.625,14.29248332977295
14-07-2005,16.424999237060547,16.637500762939453,424000,16.649999618530273,16.59749984741211,14.268844604492188
15-07-2005,16.094999313354492,16.280000686645508,873600,16.520000457763672,16.5,14.185020446777344
18-07-2005,16.247499465942383,16.4375,448000,16.4375,16.267499923706055,13.985142707824707
19-07-2005,16.235000610351562,16.3125,441600,16.392499923706055,16.38249969482422,14.084005355834961
20-07-2005,16.475000381469727,16.5,670800,16.622499465942383,16.584999084472656,14.258096694946289
21-07-2005,16.372499465942383,16.6200008392334,576800,16.672500610351562,16.450000762939453,14.142040252685547
22-07-2005,16.315000534057617,16.524999618530273,368400,16.662500381469727,16.5,14.185020446777344
25-07-2005,16.104999542236328,16.287500381469727,448000,16.434999465942383,16.334999084472656,14.043170928955078
26-07-2005,16.225000381469727,16.274999618530273,392000,16.5625,16.497499465942383,14.182872772216797
27-07-2005,16.344999313354492,16.434999465942383,602000,16.537500381469727,16.450000762939453,14.142040252685547
28-07-2005,16.454999923706055,16.454999923706055,729200,16.799999237060547,16.6875,14.346217155456543
29-07-2005,16.600000381469727,16.612499237060547,559600,16.857500076293945,16.75,14.399949073791504
01-08-2005,16.522499084472656,16.65999984741211,502000,16.792499542236328,16.787500381469727,14.432185173034668
02-08-2005,16.637500762939453,16.774999618530273,350400,16.795000076293945,16.792499542236328,14.436482429504395
03-08-2005,16.549999237060547,16.762500762939453,454000,16.875,16.799999237060547,14.44293212890625
04-08-2005,16.385000228881836,16.799999237060547,1602400,16.802499771118164,16.4950008392334,14.180727005004883
05-08-2005,15.920000076293945,16.350000381469727,1042800,16.362499237060547,16.149999618530273,13.884126663208008
08-08-2005,15.762499809265137,15.762499809265137,1686800,16.137500762939453,16.102500915527344,13.843292236328125
09-08-2005,15.852499961853027,16.087499618530273,777600,16.232500076293945,16.15999984741211,13.892724990844727
10-08-2005,16.392499923706055,16.5625,750800,16.707500457763672,16.46500015258789,14.15493106842041
11-08-2005,16.530000686645508,16.600000381469727,664000,16.635000228881836,16.5674991607666,14.243051528930664
12-08-2005,16.450000762939453,16.5049991607666,596000,16.587499618530273,16.52750015258789,14.208666801452637
15-08-2005,16.282499313354492,16.4375,573200,16.607500076293945,16.572500228881836,14.247353553771973
16-08-2005,16.517499923706055,16.600000381469727,458400,16.700000762939453,16.655000686645508,14.318276405334473
17-08-2005,16.592500686645508,16.59749984741211,462000,16.84000015258789,16.7450008392334,14.395647048950195
18-08-2005,16.649999618530273,16.712499618530273,1224800,17.172500610351562,17.012500762939453,14.625621795654297
19-08-2005,16.815000534057617,17.024999618530273,410800,17.040000915527344,16.9424991607666,14.565438270568848
22-08-2005,16.8799991607666,16.8799991607666,783200,17.174999237060547,17.094999313354492,14.696541786193848
23-08-2005,17.875,17.875,7828400,18.912500381469727,18.84000015258789,16.19671630859375
24-08-2005,18.447500228881836,18.625,3056000,18.854999542236328,18.69499969482422,16.072063446044922
25-08-2005,18.200000762939453,18.462499618530273,1134000,18.542499542236328,18.344999313354492,15.771164894104004
26-08-2005,18.11750030517578,18.212499618530273,782400,18.25,18.125,15.582035064697266
29-08-2005,17.712499618530273,17.837499618530273,1672000,17.997499465942383,17.872499465942383,15.364957809448242
30-08-2005,17.72249984741211,17.822500228881836,1002800,17.950000762939453,17.895000457763672,15.384305000305176
31-08-2005,17.68000030517578,17.862499237060547,966800,18.084999084472656,18.084999084472656,15.547652244567871
01-09-2005,17.962499618530273,17.997499465942383,1018000,18.162500381469727,18.049999237060547,15.51755428314209
02-09-2005,17.897499084472656,18.049999237060547,400000,18.0575008392334,17.952499389648438,15.433731079101562
06-09-2005,17.8799991607666,17.912500381469727,598400,18.375,18.337499618530273,15.76472282409668
07-09-2005,18.162500381469727,18.174999237060547,856400,18.452499389648438,18.362499237060547,15.786211013793945
08-09-2005,18.225000381469727,18.225000381469727,1008400,18.385000228881836,18.385000228881836,15.805556297302246
09-09-2005,18.325000762939453,18.350000381469727,743600,18.547500610351562,18.542499542236328,15.940959930419922
12-09-2005,18.427499771118164,18.479999542236328,477200,18.584999084472656,18.50749969482422,15.910868644714355
13-09-2005,18.28499984741211,18.350000381469727,726000,18.52750015258789,18.5049991607666,15.908720016479492
14-09-2005,18.407499313354492,18.5625,860400,18.59749984741211,18.434999465942383,15.848538398742676
15-09-2005,18.262500762939453,18.375,475200,18.420000076293945,18.315000534057617,15.745373725891113
16-09-2005,18.28499984741211,18.360000610351562,698400,18.604999542236328,18.604999542236328,15.9946870803833
19-09-2005,18.11750030517578,18.11750030517578,466800,18.565000534057617,18.502500534057617,15.906569480895996
20-09-2005,18.477500915527344,18.5049991607666,763600,18.610000610351562,18.5625,15.958151817321777
21-09-2005,18.489999771118164,18.549999237060547,1370000,18.717500686645508,18.579999923706055,15.97319507598877
22-09-2005,18.46500015258789,18.575000762939453,673600,18.607500076293945,18.587499618530273,15.979647636413574
23-09-2005,18.467500686645508,18.587499618530273,659600,18.752500534057617,18.662500381469727,16.04412841796875
26-09-2005,18.5625,18.625,1036400,19.017499923706055,18.97249984741211,16.310626983642578
27-09-2005,19.00749969482422,19.00749969482422,2352400,19.854999542236328,19.690000534057617,16.92746353149414
28-09-2005,19.572500228881836,19.627500534057617,1077600,19.822500228881836,19.674999237060547,16.914562225341797
29-09-2005,19.662500381469727,19.677499771118164,1017600,20.0625,20.012500762939453,17.2047176361084
30-09-2005,19.78499984741211,20.0,991600,20.337499618530273,19.912500381469727,17.118743896484375
03-10-2005,19.475000381469727,19.7549991607666,1635600,20.274999618530273,20.145000457763672,17.31862449645996
04-10-2005,19.690000534057617,19.934999465942383,1283800,20.350000381469727,20.075000762939453,17.258447647094727
05-10-2005,19.65999984741211,19.75,950800,19.959999084472656,19.725000381469727,16.957550048828125
06-10-2005,19.3700008392334,19.5,4200600,19.825000762939453,19.520000457763672,16.781312942504883
07-10-2005,18.979999542236328,19.5,1051200,19.5,19.375,16.65665626525879
10-10-2005,18.899999618530273,19.135000228881836,886600,19.30500030517578,19.15999984741211,16.47182273864746
11-10-2005,18.684999465942383,18.950000762939453,1418800,18.950000762939453,18.735000610351562,16.106449127197266
12-10-2005,18.165000915527344,18.625,1074600,18.735000610351562,18.5049991607666,15.908720016479492
13-10-2005,17.875,18.125,1330000,18.71500015258789,18.510000228881836,15.913013458251953
14-10-2005,18.350000381469727,18.735000610351562,577800,18.854999542236328,18.825000762939453,16.183822631835938
17-10-2005,18.540000915527344,18.75,1083200,18.969999313354492,18.834999084472656,16.19241714477539
18-10-2005,18.69499969482422,18.875,1154600,19.274999618530273,19.104999542236328,16.424537658691406
19-10-2005,18.639999389648438,18.924999237060547,1044800,19.084999084472656,19.014999389648438,16.347171783447266
20-10-2005,18.610000610351562,18.959999084472656,866800,18.96500015258789,18.774999618530273,16.140836715698242
21-10-2005,18.55500030517578,18.700000762939453,953000,19.239999771118164,19.0,16.334270477294922
24-10-2005,18.844999313354492,18.90999984741211,851200,19.3700008392334,19.3700008392334,16.652353286743164
25-10-2005,19.280000686645508,19.524999618530273,1140400,19.69499969482422,19.46500015258789,16.73402976989746
26-10-2005,19.524999618530273,19.600000381469727,1047600,20.149999618530273,19.78499984741211,17.009136199951172
27-10-2005,18.93000030517578,19.725000381469727,753000,19.809999465942383,19.0,16.334270477294922
28-10-2005,18.625,18.75,1036800,19.110000610351562,19.0,16.334270477294922
31-10-2005,18.75,18.75,1452600,19.344999313354492,19.065000534057617,16.390148162841797
01-11-2005,18.68000030517578,19.065000534057617,1686000,19.184999465942383,18.815000534057617,16.175230026245117
02-11-2005,18.5,18.65999984741211,1441800,19.030000686645508,18.799999237060547,16.162328720092773
03-11-2005,19.375,19.625,2345200,20.049999237060547,19.639999389648438,16.88448143005371
04-11-2005,19.229999542236328,19.645000457763672,1186000,19.700000762939453,19.3799991607666,16.66095542907715
07-11-2005,19.274999618530273,19.399999618530273,832800,19.729999542236328,19.280000686645508,16.574983596801758
08-11-2005,19.135000228881836,19.43000030517578,880800,19.469999313354492,19.299999237060547,16.59217643737793
09-11-2005,19.25,19.25,1041800,19.799999237060547,19.649999618530273,16.893070220947266
10-11-2005,19.834999084472656,19.975000381469727,1376200,20.434999465942383,20.295000076293945,17.447582244873047
11-11-2005,20.329999923706055,20.375,801800,20.75,20.424999237060547,17.55933952331543
14-11-2005,20.350000381469727,20.459999084472656,806600,20.739999771118164,20.375,17.516353607177734
15-11-2005,20.165000915527344,20.5,1227800,20.725000381469727,20.344999313354492,17.490562438964844
16-11-2005,20.05500030517578,20.350000381469727,811200,20.44499969482422,20.25,17.408891677856445
17-11-2005,20.43000030517578,20.450000762939453,2151800,21.049999237060547,20.959999084472656,18.019271850585938
18-11-2005,21.05500030517578,21.165000915527344,690800,21.399999618530273,21.34000015258789,18.345966339111328
21-11-2005,21.204999923706055,21.350000381469727,792400,21.405000686645508,21.360000610351562,18.3631534576416
22-11-2005,20.649999618530273,21.235000610351562,904200,21.274999618530273,20.75,17.8387451171875
23-11-2005,20.510000228881836,20.725000381469727,663800,20.90999984741211,20.690000534057617,17.78716278076172
25-11-2005,20.954999923706055,20.975000381469727,239600,21.19499969482422,21.0,18.053667068481445
28-11-2005,20.334999084472656,21.075000762939453,887200,21.239999771118164,20.405000686645508,17.542139053344727
29-11-2005,20.405000686645508,20.405000686645508,768400,20.825000762939453,20.424999237060547,17.55933952331543
30-11-2005,20.264999389648438,20.625,909600,21.0049991607666,20.399999618530273,17.53784942626953
01-12-2005,20.05500030517578,20.260000228881836,951400,20.364999771118164,20.31999969482422,17.46906852722168
02-12-2005,20.0,20.0,944400,20.4950008392334,20.469999313354492,17.5980224609375
05-12-2005,20.399999618530273,20.475000381469727,671400,20.725000381469727,20.690000534057617,17.78716278076172
06-12-2005,20.709999084472656,20.774999618530273,538400,20.975000381469727,20.815000534057617,17.894620895385742
07-12-2005,20.049999237060547,20.774999618530273,781800,20.774999618530273,20.280000686645508,17.434677124023438
08-12-2005,19.68000030517578,20.170000076293945,1283200,20.170000076293945,20.049999237060547,17.23694610595703
09-12-2005,19.885000228881836,20.040000915527344,410600,20.204999923706055,20.104999542236328,17.284229278564453
12-12-2005,20.200000762939453,20.299999237060547,524800,20.53499984741211,20.424999237060547,17.55933952331543
13-12-2005,20.389999389648438,20.5,564000,20.645000457763672,20.639999389648438,17.744163513183594
14-12-2005,20.549999237060547,20.604999542236328,535400,20.7450008392334,20.639999389648438,17.744163513183594
15-12-2005,20.469999313354492,20.700000762939453,457400,20.850000381469727,20.5049991607666,17.628114700317383
16-12-2005,20.30500030517578,20.674999237060547,718800,20.774999618530273,20.315000534057617,17.464773178100586
19-12-2005,19.020000457763672,20.225000381469727,1718200,20.239999771118164,19.56999969482422,16.824302673339844
20-12-2005,18.80500030517578,19.725000381469727,2226600,19.725000381469727,19.049999237060547,16.37725257873535
21-12-2005,18.93000030517578,19.110000610351562,1138800,19.489999771118164,19.350000381469727,16.635162353515625
22-12-2005,19.520000457763672,19.524999618530273,1002400,19.739999771118164,19.690000534057617,16.92746353149414
23-12-2005,19.514999389648438,19.514999389648438,618400,19.950000762939453,19.799999237060547,17.02202796936035
27-12-2005,19.34000015258789,19.549999237060547,776400,19.8700008392334,19.475000381469727,16.74262809753418
28-12-2005,19.329999923706055,19.420000076293945,559600,19.670000076293945,19.5,16.764122009277344
29-12-2005,19.280000686645508,19.434999465942383,802600,19.575000762939453,19.344999313354492,16.630868911743164
30-12-2005,19.010000228881836,19.149999618530273,601400,19.25,19.155000686645508,16.4675235748291
03-01-2006,18.649999618530273,19.399999618530273,1692000,19.489999771118164,19.110000610351562,16.428829193115234
04-01-2006,18.950000762939453,19.225000381469727,1255800,19.405000686645508,19.225000381469727,16.527700424194336
05-01-2006,19.030000686645508,19.225000381469727,454200,19.2549991607666,19.079999923706055,16.403043746948242
06-01-2006,18.399999618530273,19.079999923706055,2265800,19.1299991607666,18.43000030517578,15.844243049621582
09-01-2006,18.475000381469727,18.475000381469727,1259000,19.024999618530273,18.885000228881836,16.235401153564453
10-01-2006,19.100000381469727,19.100000381469727,1202800,19.565000534057617,19.399999618530273,16.678152084350586
11-01-2006,19.114999771118164,19.875,1274600,20.104999542236328,19.5049991607666,16.768415451049805
12-01-2006,19.145000457763672,19.53499984741211,1032800,19.600000381469727,19.2450008392334,16.544893264770508
13-01-2006,18.979999542236328,19.295000076293945,830200,19.360000610351562,19.09000015258789,16.41164207458496
17-01-2006,19.024999618530273,19.024999618530273,556600,19.290000915527344,19.149999618530273,16.463220596313477
18-01-2006,18.854999542236328,18.905000686645508,1060200,19.149999618530273,19.0,16.334270477294922
19-01-2006,18.78499984741211,19.0,897800,19.0,18.94499969482422,16.286985397338867
20-01-2006,18.635000228881836,18.799999237060547,1024400,18.875,18.825000762939453,16.183822631835938
23-01-2006,18.540000915527344,18.674999237060547,1322000,18.780000686645508,18.75,16.119335174560547
24-01-2006,18.450000762939453,18.700000762939453,818600,18.725000381469727,18.725000381469727,16.097848892211914
25-01-2006,18.975000381469727,19.139999389648438,1480000,19.40999984741211,19.34000015258789,16.626564025878906
26-01-2006,19.34000015258789,19.360000610351562,1635800,19.674999237060547,19.6299991607666,16.87588119506836
27-01-2006,19.575000762939453,19.575000762939453,663200,19.889999389648438,19.760000228881836,16.987640380859375
30-01-2006,19.6299991607666,19.760000228881836,685400,19.989999771118164,19.719999313354492,16.9532527923584
31-01-2006,19.479999542236328,19.674999237060547,657800,19.854999542236328,19.719999313354492,16.9532527923584
01-02-2006,19.25,19.649999618530273,791400,19.704999923706055,19.399999618530273,16.678152084350586
02-02-2006,19.014999389648438,19.309999465942383,939000,19.454999923706055,19.25,16.549196243286133
03-02-2006,18.920000076293945,19.235000610351562,663600,19.354999542236328,19.21500015258789,16.51910400390625
06-02-2006,18.739999771118164,19.209999084472656,931000,19.299999237060547,19.024999618530273,16.355758666992188
07-02-2006,19.600000381469727,19.625,2943600,20.75,20.75,17.8387451171875
08-02-2006,19.325000762939453,21.5,3462400,21.71500015258789,20.204999923706055,17.37020492553711
09-02-2006,20.375,20.5,1800200,20.950000762939453,20.704999923706055,17.800050735473633
10-02-2006,20.46500015258789,20.68000030517578,921000,20.94499969482422,20.725000381469727,17.817245483398438
13-02-2006,20.55500030517578,20.649999618530273,628200,20.989999771118164,20.6299991607666,17.735578536987305
14-02-2006,20.815000534057617,20.924999237060547,852400,21.145000457763672,21.010000228881836,18.062267303466797
15-02-2006,21.045000076293945,21.19499969482422,627800,21.375,21.30500030517578,18.315876007080078
16-02-2006,20.975000381469727,21.399999618530273,695200,21.4950008392334,21.21500015258789,18.238500595092773
17-02-2006,20.885000228881836,21.239999771118164,580000,21.239999771118164,20.934999465942383,17.99778175354004
21-02-2006,20.520000457763672,20.975000381469727,822400,21.0049991607666,20.704999923706055,17.800050735473633
22-02-2006,20.135000228881836,20.454999923706055,1134800,20.559999465942383,20.354999542236328,17.499155044555664
23-02-2006,20.014999389648438,20.2549991607666,689800,20.309999465942383,20.149999618530273,17.32293128967285
24-02-2006,20.040000915527344,20.225000381469727,892400,20.34000015258789,20.280000686645508,17.434677124023438
27-02-2006,20.125,20.125,549600,20.674999237060547,20.434999465942383,17.56793212890625
28-02-2006,20.204999923706055,20.56999969482422,588400,20.639999389648438,20.295000076293945,17.447582244873047
01-03-2006,20.024999618530273,20.219999313354492,690000,20.219999313354492,20.170000076293945,17.340112686157227
02-03-2006,20.19499969482422,20.19499969482422,572000,20.545000076293945,20.260000228881836,17.41748809814453
03-03-2006,19.975000381469727,20.155000686645508,560400,20.329999923706055,19.9950008392334,17.18967056274414
06-03-2006,19.700000762939453,19.979999542236328,502000,20.09000015258789,19.780000686645508,17.004837036132812
07-03-2006,19.315000534057617,19.764999389648438,561200,19.764999389648438,19.520000457763672,16.781312942504883
08-03-2006,19.424999237060547,19.53499984741211,786200,20.075000762939453,20.075000762939453,17.258447647094727
09-03-2006,19.764999389648438,20.0,520600,20.139999389648438,19.905000686645508,17.11229705810547
10-03-2006,19.950000762939453,19.969999313354492,573000,20.584999084472656,20.239999771118164,17.400297164916992
13-03-2006,20.024999618530273,20.18000030517578,632800,20.295000076293945,20.024999618530273,17.21546173095703
14-03-2006,19.7549991607666,20.024999618530273,750400,20.104999542236328,19.774999618530273,17.000534057617188
15-03-2006,19.764999389648438,19.889999389648438,1570400,20.094999313354492,19.940000534057617,17.14238166809082
16-03-2006,20.075000762939453,20.104999542236328,759000,20.485000610351562,20.295000076293945,17.447582244873047
17-03-2006,20.0049991607666,20.350000381469727,499800,20.350000381469727,20.125,17.30143165588379
20-03-2006,20.204999923706055,20.299999237060547,1446200,20.920000076293945,20.7549991607666,17.843036651611328
21-03-2006,20.725000381469727,20.780000686645508,2736400,22.385000228881836,21.809999465942383,18.750019073486328
22-03-2006,21.25,21.809999465942383,1689200,22.28499984741211,22.1299991607666,19.025127410888672
23-03-2006,21.649999618530273,22.0,1219000,22.2450008392334,22.155000686645508,19.04662322998047
24-03-2006,21.655000686645508,21.875,1068400,22.209999084472656,21.774999618530273,18.71993064880371
27-03-2006,21.450000762939453,21.540000915527344,534800,21.71500015258789,21.655000686645508,18.61676788330078
28-03-2006,21.559999465942383,21.625,898200,22.174999237060547,21.940000534057617,18.861785888671875
29-03-2006,21.665000915527344,21.934999465942383,539400,22.0,21.825000762939453,18.762920379638672
30-03-2006,21.645000457763672,21.700000762939453,993600,21.915000915527344,21.739999771118164,18.68984031677246
31-03-2006,21.645000457763672,21.739999771118164,765600,22.100000381469727,21.989999771118164,18.904766082763672
03-04-2006,21.5049991607666,21.94499969482422,688600,21.954999923706055,21.575000762939453,18.547988891601562
04-04-2006,21.149999618530273,21.5,761200,22.040000915527344,22.0049991607666,18.91765785217285
05-04-2006,21.989999771118164,22.170000076293945,1265000,22.459999084472656,22.170000076293945,19.059513092041016
06-04-2006,21.375,21.989999771118164,771600,22.0,21.59000015258789,18.56089210510254
07-04-2006,21.260000228881836,21.450000762939453,421200,21.889999389648438,21.479999542236328,18.466320037841797
10-04-2006,21.149999618530273,21.5,621400,21.635000228881836,21.415000915527344,18.410438537597656
11-04-2006,20.899999618530273,21.440000534057617,549400,21.489999771118164,21.079999923706055,18.122440338134766
12-04-2006,20.969999313354492,21.079999923706055,609800,21.354999542236328,21.020000457763672,18.07086181640625
13-04-2006,20.774999618530273,21.05500030517578,550000,21.05500030517578,20.905000686645508,17.97199249267578
17-04-2006,20.65999984741211,20.940000534057617,321800,21.084999084472656,20.8799991607666,17.950496673583984
18-04-2006,21.084999084472656,21.100000381469727,737600,21.545000076293945,21.530000686645508,18.509313583374023
19-04-2006,21.704999923706055,21.989999771118164,851600,22.18000030517578,21.770000457763672,18.71563148498535
20-04-2006,21.44499969482422,22.0049991607666,610400,22.174999237060547,21.5,18.4835147857666
21-04-2006,21.350000381469727,21.610000610351562,486000,21.7450008392334,21.524999618530273,18.505002975463867
24-04-2006,21.19499969482422,21.524999618530273,627600,21.889999389648438,21.770000457763672,18.71563148498535
25-04-2006,21.25,22.0,725400,22.0,21.475000381469727,18.462024688720703
26-04-2006,21.69499969482422,21.905000686645508,705400,22.125,21.850000381469727,18.784408569335938
27-04-2006,21.799999237060547,21.850000381469727,699400,22.0,21.920000076293945,18.84459686279297
28-04-2006,21.53499984741211,21.950000762939453,1073200,22.364999771118164,21.575000762939453,18.547988891601562
01-05-2006,21.219999313354492,22.165000915527344,945600,22.165000915527344,21.540000915527344,18.517900466918945
02-05-2006,21.18000030517578,21.489999771118164,780200,21.774999618530273,21.600000381469727,18.56948471069336
03-05-2006,21.760000228881836,21.8799991607666,1029600,22.100000381469727,21.81999969482422,18.75861930847168
04-05-2006,21.625,21.770000457763672,701200,21.90999984741211,21.700000762939453,18.65545654296875
05-05-2006,22.75,22.780000686645508,3334400,24.290000915527344,24.18000030517578,20.787506103515625
08-05-2006,23.674999237060547,23.875,1787200,24.0,23.834999084472656,20.49091148376465
09-05-2006,23.825000762939453,23.950000762939453,1088800,24.360000610351562,24.25,20.847688674926758
10-05-2006,23.80500030517578,24.290000915527344,867200,24.420000076293945,23.93000030517578,20.572580337524414
11-05-2006,23.094999313354492,23.7549991607666,1023800,23.760000228881836,23.094999313354492,19.854734420776367
12-05-2006,22.875,23.100000381469727,793200,23.170000076293945,23.05500030517578,19.82034683227539
15-05-2006,22.209999084472656,22.25,885000,23.235000610351562,22.989999771118164,19.76446533203125
16-05-2006,22.950000762939453,23.149999618530273,845400,23.549999237060547,23.514999389648438,20.215803146362305
17-05-2006,23.5049991607666,23.514999389648438,1086400,23.924999237060547,23.665000915527344,20.344758987426758
18-05-2006,23.219999313354492,23.389999389648438,1034000,23.489999771118164,23.34000015258789,20.065359115600586
19-05-2006,22.450000762939453,22.950000762939453,1252800,23.0049991607666,22.850000381469727,19.644105911254883
22-05-2006,22.385000228881836,22.405000686645508,844000,23.0,22.80500030517578,19.605419158935547
23-05-2006,22.309999465942383,22.950000762939453,544400,22.979999542236328,22.309999465942383,19.179868698120117
24-05-2006,21.674999237060547,22.309999465942383,1338800,22.40999984741211,22.329999923706055,19.19706153869629
25-05-2006,22.149999618530273,22.329999923706055,636800,22.69499969482422,22.59000015258789,19.42058563232422
26-05-2006,22.280000686645508,22.440000534057617,850200,23.1299991607666,23.125,19.88052749633789
30-05-2006,22.360000610351562,22.700000762939453,632800,22.799999237060547,22.389999389648438,19.24864387512207
31-05-2006,22.309999465942383,22.3799991607666,898000,23.0,22.729999542236328,19.54094123840332
01-06-2006,22.674999237060547,22.729999542236328,878400,23.200000762939453,23.15999984741211,19.91061019897461
02-06-2006,22.274999618530273,22.975000381469727,891200,23.0,22.735000610351562,19.54524040222168
05-06-2006,22.010000228881836,22.684999465942383,622600,22.71500015258789,22.184999465942383,19.07240867614746
06-06-2006,21.450000762939453,22.0049991607666,727800,22.21500015258789,21.8799991607666,18.810203552246094
07-06-2006,21.850000381469727,21.934999465942383,649000,22.450000762939453,22.075000762939453,18.977848052978516
08-06-2006,21.795000076293945,21.954999923706055,635400,22.155000686645508,21.96500015258789,18.88327407836914
09-06-2006,21.985000610351562,21.985000610351562,1004400,22.354999542236328,22.139999389648438,19.033721923828125
12-06-2006,21.94499969482422,22.09000015258789,1080400,22.299999237060547,21.96500015258789,18.88327407836914
13-06-2006,21.18000030517578,21.700000762939453,690400,22.059999465942383,21.68000030517578,18.638259887695312
14-06-2006,21.5,21.725000381469727,444000,21.90999984741211,21.799999237060547,18.74142837524414
15-06-2006,21.735000610351562,21.829999923706055,915200,22.395000457763672,22.260000228881836,19.136886596679688
16-06-2006,22.094999313354492,22.325000762939453,525000,22.475000381469727,22.235000610351562,19.11539649963379
19-06-2006,21.93000030517578,22.260000228881836,489000,22.434999465942383,22.079999923706055,18.98213768005371
20-06-2006,21.614999771118164,21.954999923706055,783200,22.049999237060547,21.899999618530273,18.827390670776367
21-06-2006,21.915000915527344,21.94499969482422,747800,22.670000076293945,22.424999237060547,19.278743743896484
22-06-2006,22.049999237060547,22.46500015258789,800800,22.46500015258789,22.34000015258789,19.205659866333008
23-06-2006,21.90999984741211,22.18000030517578,594800,22.34000015258789,22.200000762939453,19.08530616760254
26-06-2006,21.844999313354492,21.875,1020600,22.28499984741211,22.28499984741211,19.15837860107422
27-06-2006,21.920000076293945,22.28499984741211,759800,22.450000762939453,22.235000610351562,19.11539649963379
28-06-2006,21.75,22.100000381469727,466200,22.260000228881836,22.21500015258789,19.09820556640625
29-06-2006,22.25,22.299999237060547,1231400,23.225000381469727,23.135000228881836,19.889116287231445
30-06-2006,23.145000457763672,23.25,1223800,23.549999237060547,23.475000381469727,20.18141746520996
03-07-2006,23.709999084472656,23.875,782600,24.360000610351562,24.200000762939453,20.80470848083496
05-07-2006,23.485000610351562,23.549999237060547,1358600,23.864999771118164,23.825000762939453,20.482311248779297
06-07-2006,23.674999237060547,23.7549991607666,763200,23.920000076293945,23.875,20.52529525756836
07-07-2006,23.530000686645508,23.75,531200,23.875,23.639999389648438,20.323265075683594
10-07-2006,22.96500015258789,23.6200008392334,783400,23.6200008392334,23.079999923706055,19.841838836669922
11-07-2006,22.725000381469727,23.020000457763672,940000,23.09000015258789,23.0049991607666,19.777359008789062
12-07-2006,22.55500030517578,22.700000762939453,826800,22.985000610351562,22.8700008392334,19.661300659179688
13-07-2006,22.424999237060547,22.700000762939453,779600,22.799999237060547,22.55500030517578,19.390491485595703
14-07-2006,21.8799991607666,22.5049991607666,790200,22.625,22.030000686645508,18.939149856567383
17-07-2006,21.475000381469727,21.875,1403400,21.985000610351562,21.674999237060547,18.633960723876953
18-07-2006,21.770000457763672,22.125,1533000,22.375,22.0049991607666,18.91765785217285
19-07-2006,22.270000457763672,22.270000457763672,2718000,23.399999618530273,22.989999771118164,19.76446533203125
20-07-2006,22.81999969482422,23.34000015258789,1492600,23.5,22.989999771118164,19.76446533203125
21-07-2006,22.5,22.9950008392334,1316600,22.9950008392334,22.735000610351562,19.54524040222168
24-07-2006,22.295000076293945,22.850000381469727,1028200,22.875,22.649999618530273,19.472169876098633
25-07-2006,22.350000381469727,22.899999618530273,1301400,22.93000030517578,22.69499969482422,19.51085662841797
26-07-2006,22.30500030517578,22.579999923706055,972800,22.704999923706055,22.610000610351562,19.43777847290039
27-07-2006,22.405000686645508,22.735000610351562,892600,22.90999984741211,22.55500030517578,19.390491485595703
28-07-2006,22.735000610351562,22.75,837000,23.125,23.084999084472656,19.84613800048828
31-07-2006,23.084999084472656,23.264999389648438,793800,23.424999237060547,23.204999923706055,19.949302673339844
01-08-2006,22.6299991607666,23.125,964600,23.125,22.96500015258789,19.742971420288086
02-08-2006,22.350000381469727,22.71500015258789,1280200,22.875,22.5,19.34321403503418
03-08-2006,22.30500030517578,22.424999237060547,492400,22.799999237060547,22.75,19.558137893676758
04-08-2006,22.614999771118164,22.809999465942383,545600,23.0,22.875,19.665599822998047
07-08-2006,22.3700008392334,22.600000381469727,458800,22.69499969482422,22.530000686645508,19.36901092529297
08-08-2006,22.684999465942383,22.7549991607666,464400,23.075000762939453,22.774999618530273,19.57962417602539
09-08-2006,22.600000381469727,22.850000381469727,429000,22.975000381469727,22.639999389648438,19.463573455810547
10-08-2006,22.3700008392334,22.450000762939453,472400,22.774999618530273,22.524999618530273,19.364707946777344
11-08-2006,22.219999313354492,22.5,354000,22.5,22.2450008392334,19.12398910522461
14-08-2006,22.475000381469727,22.4950008392334,686000,23.09000015258789,22.790000915527344,19.592529296875
15-08-2006,22.829999923706055,22.905000686645508,646200,23.200000762939453,23.1200008392334,19.876222610473633
16-08-2006,22.665000915527344,23.225000381469727,955000,23.25,22.9950008392334,19.768766403198242
17-08-2006,22.924999237060547,23.399999618530273,1234600,23.655000686645508,23.25,19.987987518310547
18-08-2006,21.225000381469727,22.375,4109600,22.7549991607666,21.549999237060547,18.52650260925293
21-08-2006,21.0,21.43000030517578,1517600,21.5,21.0,18.053667068481445
22-08-2006,19.5049991607666,20.75,6576000,20.75,19.825000762939453,17.04352378845215
23-08-2006,19.645000457763672,20.149999618530273,2931200,20.34000015258789,19.920000076293945,17.125186920166016
24-08-2006,19.719999313354492,19.920000076293945,1902800,20.200000762939453,19.7549991607666,16.983339309692383
25-08-2006,19.625,19.760000228881836,1092400,19.895000457763672,19.774999618530273,17.000534057617188
28-08-2006,19.799999237060547,19.875,1393800,20.084999084472656,20.0,17.1939697265625
29-08-2006,19.950000762939453,20.125,1487800,20.28499984741211,20.149999618530273,17.32293128967285
30-08-2006,20.149999618530273,20.149999618530273,1399800,20.405000686645508,20.30500030517578,17.4561767578125
31-08-2006,20.139999389648438,20.3799991607666,1040800,20.6200008392334,20.34000015258789,17.486265182495117
01-09-2006,20.399999618530273,20.424999237060547,1016800,20.59000015258789,20.489999771118164,17.615215301513672
05-09-2006,20.559999465942383,20.875,1264200,20.915000915527344,20.6200008392334,17.72698211669922
06-09-2006,20.024999618530273,20.375,1897800,20.3799991607666,20.079999923706055,17.262741088867188
07-09-2006,19.774999618530273,20.059999465942383,1707000,20.059999465942383,19.940000534057617,17.14238166809082
08-09-2006,20.100000381469727,20.125,1495600,20.5,20.399999618530273,17.53784942626953
11-09-2006,19.25,19.94499969482422,2844000,20.125,19.520000457763672,16.781312942504883
12-09-2006,19.600000381469727,19.604999542236328,1073600,20.104999542236328,20.014999389648438,17.206863403320312
13-09-2006,20.114999771118164,20.139999389648438,960800,20.280000686645508,20.174999237060547,17.344417572021484
14-09-2006,20.075000762939453,20.125,805200,20.325000762939453,20.1299991607666,17.30572509765625
15-09-2006,19.885000228881836,20.1299991607666,796000,20.225000381469727,19.885000228881836,17.09510612487793
18-09-2006,20.024999618530273,20.024999618530273,977800,20.459999084472656,20.225000381469727,17.38740348815918
19-09-2006,20.049999237060547,20.3799991607666,1297400,20.44499969482422,20.225000381469727,17.38740348815918
20-09-2006,19.854999542236328,20.174999237060547,1305400,20.25,20.0049991607666,17.198265075683594
21-09-2006,20.020000457763672,20.15999984741211,810000,20.364999771118164,20.079999923706055,17.262741088867188
22-09-2006,19.690000534057617,20.0,905600,20.06999969482422,19.780000686645508,17.004837036132812
25-09-2006,19.405000686645508,19.780000686645508,2385600,19.844999313354492,19.450000762939453,16.721134185791016
26-09-2006,19.094999313354492,19.524999618530273,2528400,19.6200008392334,19.260000228881836,16.55779457092285
27-09-2006,19.450000762939453,19.450000762939453,3839800,19.809999465942383,19.69499969482422,16.9317626953125
28-09-2006,19.7549991607666,20.174999237060547,2106400,20.3700008392334,20.024999618530273,17.21546173095703
29-09-2006,19.829999923706055,20.0,10135600,20.200000762939453,20.125,17.30143165588379
02-10-2006,19.65999984741211,20.049999237060547,2507800,20.05500030517578,19.764999389648438,16.991941452026367
03-10-2006,19.600000381469727,19.764999389648438,2078000,20.200000762939453,20.05500030517578,17.241254806518555
04-10-2006,20.03499984741211,20.05500030517578,1464600,20.3799991607666,20.350000381469727,17.494863510131836
05-10-2006,20.270000457763672,20.399999618530273,1799800,20.475000381469727,20.309999465942383,17.460474014282227
06-10-2006,20.010000228881836,20.149999618530273,1432000,20.405000686645508,20.1200008392334,17.297134399414062
09-10-2006,19.84000015258789,20.040000915527344,1322200,20.110000610351562,20.049999237060547,17.23694610595703
10-10-2006,19.889999389648438,20.1200008392334,816600,20.184999465942383,19.989999771118164,17.18537139892578
11-10-2006,19.725000381469727,19.875,1375400,20.045000076293945,19.954999923706055,17.155284881591797
12-10-2006,19.860000610351562,19.954999923706055,1857600,20.059999465942383,19.989999771118164,17.18537139892578
13-10-2006,19.774999618530273,19.915000915527344,1770800,19.959999084472656,19.809999465942383,17.030628204345703
16-10-2006,19.809999465942383,19.875,1557400,20.125,19.885000228881836,17.09510612487793
17-10-2006,19.844999313354492,19.905000686645508,1530400,20.25,19.950000762939453,17.15098762512207
18-10-2006,19.940000534057617,20.125,1188800,20.274999618530273,20.15999984741211,17.331518173217773
19-10-2006,20.184999465942383,20.184999465942383,945600,20.364999771118164,20.2549991607666,17.41318702697754
20-10-2006,20.375,20.424999237060547,1203600,20.700000762939453,20.399999618530273,17.53784942626953
23-10-2006,20.43000030517578,20.510000228881836,1551200,20.770000457763672,20.524999618530273,17.645307540893555
24-10-2006,20.96500015258789,20.96500015258789,3418600,21.489999771118164,21.405000686645508,18.401844024658203
25-10-2006,21.334999084472656,21.5,1608400,21.75,21.459999084472656,18.449127197265625
26-10-2006,21.31999969482422,21.440000534057617,1787400,22.174999237060547,21.975000381469727,18.89187240600586
27-10-2006,21.959999084472656,22.0,2140600,22.395000457763672,22.030000686645508,18.939149856567383
30-10-2006,21.725000381469727,22.024999618530273,1836200,22.270000457763672,22.114999771118164,19.01223373413086
31-10-2006,21.94499969482422,22.1200008392334,989800,22.290000915527344,21.9950008392334,18.90906524658203
01-11-2006,21.969999313354492,22.139999389648438,934600,22.31999969482422,22.06999969482422,18.973543167114258
02-11-2006,21.799999237060547,21.950000762939453,755400,22.079999923706055,22.045000076293945,18.952049255371094
03-11-2006,21.875,22.045000076293945,602200,22.170000076293945,22.014999389648438,18.926259994506836
06-11-2006,22.100000381469727,22.149999618530273,978400,22.475000381469727,22.44499969482422,19.295930862426758
07-11-2006,21.815000534057617,22.625,2375200,22.799999237060547,21.959999084472656,18.878982543945312
08-11-2006,21.725000381469727,21.96500015258789,2035200,22.100000381469727,21.889999389648438,18.818790435791016
09-11-2006,22.674999237060547,23.100000381469727,4168200,23.825000762939453,23.010000228881836,19.781658172607422
10-11-2006,22.959999084472656,23.299999237060547,1874400,23.3799991607666,23.094999313354492,19.854734420776367
13-11-2006,23.049999237060547,23.049999237060547,1533600,23.489999771118164,23.389999389648438,20.10834503173828
14-11-2006,23.520000457763672,23.674999237060547,2086600,24.0,24.0,20.63275909423828
15-11-2006,23.920000076293945,24.0,1589400,24.475000381469727,24.389999389648438,20.968042373657227
16-11-2006,24.225000381469727,24.424999237060547,1438800,24.524999618530273,24.5,21.06260871887207
17-11-2006,24.5,24.549999237060547,2215400,24.780000686645508,24.75,21.277538299560547
20-11-2006,24.274999618530273,24.459999084472656,1213200,24.524999618530273,24.385000228881836,20.963741302490234
21-11-2006,24.225000381469727,24.280000686645508,1097800,24.385000228881836,24.334999084472656,20.92076301574707
22-11-2006,24.204999923706055,24.290000915527344,859600,24.459999084472656,24.459999084472656,21.028217315673828
24-11-2006,24.270000457763672,24.375,427200,24.56999969482422,24.56999969482422,21.122793197631836
27-11-2006,24.540000915527344,24.565000534057617,2020000,24.860000610351562,24.649999618530273,21.191564559936523
28-11-2006,24.559999465942383,24.649999618530273,2070400,25.06999969482422,25.0,21.492456436157227
29-11-2006,24.65999984741211,24.924999237060547,963800,25.225000381469727,24.96500015258789,21.462369918823242
30-11-2006,24.860000610351562,24.9950008392334,777000,25.225000381469727,25.0,21.492456436157227
01-12-2006,24.424999237060547,24.94499969482422,835400,24.969999313354492,24.899999618530273,21.406494140625
04-12-2006,24.825000762939453,24.844999313354492,812200,25.315000534057617,25.290000915527344,21.74178123474121
05-12-2006,25.280000686645508,25.334999084472656,626800,25.584999084472656,25.540000915527344,21.956693649291992
06-12-2006,25.25,25.350000381469727,457800,25.489999771118164,25.264999389648438,21.72028350830078
07-12-2006,25.094999313354492,25.225000381469727,657600,25.334999084472656,25.1299991607666,21.604219436645508
08-12-2006,25.059999465942383,25.149999618530273,707000,25.344999313354492,25.299999237060547,21.750368118286133
11-12-2006,24.989999771118164,25.174999237060547,617200,25.334999084472656,25.299999237060547,21.750368118286133
12-12-2006,24.80500030517578,25.0,1162600,25.03499984741211,24.864999771118164,21.376394271850586
13-12-2006,24.7549991607666,24.815000534057617,1089600,25.0,24.899999618530273,21.406494140625
14-12-2006,24.899999618530273,24.959999084472656,1309000,25.049999237060547,25.020000457763672,21.509658813476562
15-12-2006,24.899999618530273,24.9950008392334,1237800,25.049999237060547,24.954999923706055,21.453773498535156
18-12-2006,23.21500015258789,23.21500015258789,657000,25.149999618530273,24.950000762939453,21.44947624206543
19-12-2006,24.68000030517578,24.899999618530273,695400,25.030000686645508,24.895000457763672,21.402191162109375
20-12-2006,24.719999313354492,24.924999237060547,399400,25.155000686645508,24.80500030517578,21.3248291015625
21-12-2006,24.514999389648438,24.75,329200,24.875,24.610000610351562,21.157182693481445
22-12-2006,24.399999618530273,24.739999771118164,313600,24.7549991607666,24.424999237060547,20.99812889099121
26-12-2006,24.399999618530273,24.424999237060547,249800,24.889999389648438,24.81999969482422,21.33771514892578
27-12-2006,24.774999618530273,25.05500030517578,341600,25.165000915527344,24.934999465942383,21.43657684326172
28-12-2006,24.75,24.934999465942383,246000,24.96500015258789,24.78499984741211,21.30762481689453
29-12-2006,24.334999084472656,24.790000915527344,677600,24.850000381469727,24.610000610351562,21.157182693481445
03-01-2007,24.84000015258789,24.924999237060547,962000,25.149999618530273,25.03499984741211,21.522544860839844
04-01-2007,24.7549991607666,25.030000686645508,432400,25.06999969482422,24.905000686645508,21.410789489746094
05-01-2007,24.200000762939453,24.75,485000,24.7549991607666,24.459999084472656,21.028217315673828
08-01-2007,24.665000915527344,24.700000762939453,648200,25.100000381469727,25.09000015258789,21.5698299407959
09-01-2007,24.899999618530273,25.094999313354492,388800,25.155000686645508,25.059999465942383,21.544044494628906
10-01-2007,24.655000686645508,24.844999313354492,546200,25.045000076293945,24.780000686645508,21.303327560424805
11-01-2007,24.899999618530273,24.899999618530273,688600,25.40999984741211,25.40999984741211,21.84493637084961
12-01-2007,25.65999984741211,25.65999984741211,818800,26.100000381469727,25.889999389648438,22.25758934020996
16-01-2007,26.100000381469727,26.524999618530273,1531400,26.625,26.209999084472656,22.532690048217773
17-01-2007,25.790000915527344,26.014999389648438,574400,26.5049991607666,26.354999542236328,22.6573486328125
18-01-2007,25.774999618530273,26.100000381469727,789600,26.200000762939453,25.844999313354492,22.218900680541992
19-01-2007,25.614999771118164,25.950000762939453,1133400,26.110000610351562,26.014999389648438,22.36505126953125
22-01-2007,25.899999618530273,26.014999389648438,465200,26.200000762939453,26.125,22.45962142944336
23-01-2007,26.385000228881836,26.424999237060547,1640200,27.045000076293945,26.69499969482422,22.949649810791016
24-01-2007,26.489999771118164,26.84000015258789,1047800,26.954999923706055,26.549999237060547,22.824996948242188
25-01-2007,26.079999923706055,26.450000762939453,910200,26.5,26.174999237060547,22.50261116027832
26-01-2007,25.7450008392334,26.174999237060547,1298200,26.174999237060547,25.864999771118164,22.236095428466797
29-01-2007,25.850000381469727,25.989999771118164,736200,26.149999618530273,25.954999923706055,22.313474655151367
30-01-2007,26.30500030517578,26.5,927400,26.510000228881836,26.375,22.674543380737305
31-01-2007,25.979999542236328,26.1200008392334,563800,26.440000534057617,26.290000915527344,22.60147476196289
01-02-2007,26.125,26.21500015258789,648200,26.4950008392334,26.290000915527344,22.60147476196289
02-02-2007,26.44499969482422,26.75,2734400,27.489999771118164,27.1299991607666,23.3236141204834
05-02-2007,26.700000762939453,27.579999923706055,1459000,28.079999923706055,27.125,23.319326400756836
06-02-2007,26.735000610351562,26.770000457763672,878800,27.219999313354492,27.045000076293945,23.250545501708984
07-02-2007,24.44499969482422,25.760000228881836,5967000,25.760000228881836,25.0,21.492456436157227
08-02-2007,24.71500015258789,25.06999969482422,2167000,25.299999237060547,25.040000915527344,21.526845932006836
09-02-2007,23.950000762939453,24.75,2258000,24.7549991607666,24.024999618530273,20.654254913330078
12-02-2007,24.149999618530273,24.25,1903200,24.420000076293945,24.309999465942383,20.899261474609375
13-02-2007,24.549999237060547,24.700000762939453,1956600,24.780000686645508,24.719999313354492,21.25174331665039
14-02-2007,24.649999618530273,24.700000762939453,1090200,24.93000030517578,24.774999618530273,21.299030303955078
15-02-2007,25.104999542236328,25.25,1821200,25.399999618530273,25.174999237060547,21.642911911010742
16-02-2007,24.704999923706055,25.094999313354492,722600,25.094999313354492,24.899999618530273,21.406494140625
20-02-2007,24.55500030517578,24.825000762939453,787200,25.0,24.700000762939453,21.23455238342285
21-02-2007,24.53499984741211,24.700000762939453,891600,24.764999389648438,24.625,21.170076370239258
22-02-2007,24.559999465942383,24.649999618530273,794800,24.81999969482422,24.690000534057617,21.225955963134766
23-02-2007,24.5,24.795000076293945,726800,24.844999313354492,24.774999618530273,21.299030303955078
26-02-2007,24.440000534057617,24.635000228881836,628800,24.700000762939453,24.545000076293945,21.10129165649414
27-02-2007,23.385000228881836,24.21500015258789,893800,24.2450008392334,23.655000686645508,20.33616828918457
28-02-2007,23.415000915527344,23.625,990200,24.2549991607666,23.864999771118164,20.516695022583008
01-03-2007,23.469999313354492,23.850000381469727,1224800,23.889999389648438,23.649999618530273,20.331871032714844
02-03-2007,23.05500030517578,23.270000457763672,1283200,23.56999969482422,23.075000762939453,19.837539672851562
05-03-2007,22.375,22.799999237060547,1687000,22.9950008392334,22.59000015258789,19.42058563232422
06-03-2007,22.729999542236328,22.735000610351562,1549600,23.350000381469727,23.295000076293945,20.026676177978516
07-03-2007,23.200000762939453,23.600000381469727,1254000,23.780000686645508,23.264999389648438,20.00088119506836
08-03-2007,23.31999969482422,23.540000915527344,897000,23.75,23.44499969482422,20.155630111694336
09-03-2007,23.510000228881836,23.600000381469727,554000,23.690000534057617,23.635000228881836,20.3189697265625
12-03-2007,23.635000228881836,23.635000228881836,706400,23.975000381469727,23.959999084472656,20.598373413085938
13-03-2007,23.565000534057617,23.959999084472656,697800,24.065000534057617,23.635000228881836,20.3189697265625
14-03-2007,23.040000915527344,23.635000228881836,1558000,23.635000228881836,23.309999465942383,20.039569854736328
15-03-2007,23.405000686645508,23.415000915527344,789600,23.670000076293945,23.649999618530273,20.331871032714844
16-03-2007,23.610000610351562,23.799999237060547,776800,23.950000762939453,23.790000915527344,20.452232360839844
19-03-2007,24.020000457763672,24.020000457763672,758800,24.2450008392334,24.18000030517578,20.787506103515625
20-03-2007,23.6299991607666,23.985000610351562,872600,24.18000030517578,24.18000030517578,20.787506103515625
21-03-2007,23.854999542236328,23.899999618530273,674200,24.344999313354492,24.334999084472656,20.92076301574707
22-03-2007,24.354999542236328,24.559999465942383,1034600,24.825000762939453,24.594999313354492,21.14427947998047
23-03-2007,24.899999618530273,24.899999618530273,1359400,25.40999984741211,25.334999084472656,21.78044891357422
26-03-2007,25.334999084472656,25.334999084472656,1261200,25.684999465942383,25.600000381469727,22.008277893066406
27-03-2007,25.2549991607666,25.5,683400,25.510000228881836,25.2549991607666,21.71167755126953
28-03-2007,25.0049991607666,25.1299991607666,830400,25.25,25.114999771118164,21.591325759887695
29-03-2007,25.024999618530273,25.389999389648438,1053800,25.399999618530273,25.25,21.707387924194336
30-03-2007,25.100000381469727,25.225000381469727,625800,25.389999389648438,25.184999465942383,21.651506423950195
02-04-2007,24.795000076293945,25.100000381469727,803000,25.114999771118164,25.114999771118164,21.591325759887695
03-04-2007,25.03499984741211,25.139999389648438,733400,25.475000381469727,25.184999465942383,21.651506423950195
04-04-2007,25.040000915527344,25.274999618530273,783200,25.364999771118164,25.149999618530273,21.621410369873047
05-04-2007,25.03499984741211,25.184999465942383,570800,25.809999465942383,25.610000610351562,22.016876220703125
09-04-2007,25.395000457763672,25.610000610351562,272600,25.69499969482422,25.530000686645508,21.948097229003906
10-04-2007,25.530000686645508,25.530000686645508,489000,25.950000762939453,25.704999923706055,22.09854507446289
11-04-2007,24.875,25.46500015258789,748200,25.475000381469727,24.950000762939453,21.44947624206543
12-04-2007,24.670000076293945,24.799999237060547,981000,24.84000015258789,24.825000762939453,21.342021942138672
13-04-2007,24.674999237060547,24.825000762939453,536800,24.899999618530273,24.850000381469727,21.363502502441406
16-04-2007,24.6200008392334,24.975000381469727,1390200,25.295000076293945,24.68000030517578,21.217357635498047
17-04-2007,24.125,24.604999542236328,1468000,24.610000610351562,24.225000381469727,20.826194763183594
18-04-2007,23.575000762939453,23.895000457763672,1984600,23.959999084472656,23.864999771118164,20.516695022583008
19-04-2007,23.30500030517578,23.59000015258789,1157600,23.729999542236328,23.59000015258789,20.280284881591797
20-04-2007,23.895000457763672,24.0,1515400,24.25,24.219999313354492,20.821889877319336
23-04-2007,24.25,24.510000228881836,1326400,24.799999237060547,24.31999969482422,20.907861709594727
24-04-2007,20.635000228881836,20.825000762939453,12948200,22.075000762939453,21.924999237060547,18.848878860473633
25-04-2007,21.15999984741211,21.924999237060547,4032200,22.200000762939453,21.30500030517578,18.315876007080078
26-04-2007,21.299999237060547,21.299999237060547,1694200,21.719999313354492,21.424999237060547,18.419038772583008
27-04-2007,21.200000762939453,21.799999237060547,2359800,22.0,21.399999618530273,18.39754295349121
30-04-2007,21.0,21.545000076293945,1897000,21.690000534057617,21.1299991607666,18.165422439575195
01-05-2007,20.795000076293945,21.149999618530273,1952000,21.204999923706055,20.90999984741211,17.97629165649414
02-05-2007,21.450000762939453,21.645000457763672,2456600,21.709999084472656,21.684999465942383,18.64255714416504
03-05-2007,21.385000228881836,21.735000610351562,1690400,21.770000457763672,21.450000762939453,18.440526962280273
04-05-2007,21.3799991607666,21.524999618530273,1164600,21.614999771118164,21.614999771118164,18.582378387451172
07-05-2007,21.625,21.69499969482422,2983800,22.114999771118164,22.09000015258789,18.99073600769043
08-05-2007,21.530000686645508,21.815000534057617,1582200,21.920000076293945,21.920000076293945,18.84459686279297
09-05-2007,21.639999389648438,21.834999084472656,844800,21.969999313354492,21.829999923706055,18.767215728759766
10-05-2007,21.700000762939453,21.834999084472656,1202200,21.985000610351562,21.875,18.8059024810791
11-05-2007,21.954999923706055,22.125,1552400,22.25,22.15999984741211,19.050912857055664
14-05-2007,22.43000030517578,23.145000457763672,1837600,23.399999618530273,22.549999237060547,19.386201858520508
15-05-2007,21.940000534057617,22.510000228881836,1581800,22.514999389648438,22.010000228881836,18.92195701599121
16-05-2007,21.80500030517578,22.049999237060547,855400,22.1299991607666,22.094999313354492,18.995031356811523
17-05-2007,21.639999389648438,21.875,1001000,21.9950008392334,21.875,18.8059024810791
18-05-2007,21.764999389648438,21.875,1128400,22.225000381469727,22.15999984741211,19.050912857055664
21-05-2007,21.899999618530273,22.114999771118164,1067200,22.385000228881836,22.239999771118164,19.119693756103516
22-05-2007,22.170000076293945,22.200000762939453,978000,22.459999084472656,22.405000686645508,19.261547088623047
23-05-2007,22.524999618530273,22.75,1184200,22.875,22.600000381469727,19.429187774658203
24-05-2007,22.125,22.6299991607666,879600,22.764999389648438,22.190000534057617,19.076709747314453
25-05-2007,22.100000381469727,22.34000015258789,461600,22.485000610351562,22.459999084472656,19.308818817138672
29-05-2007,22.360000610351562,22.5,691800,22.575000762939453,22.450000762939453,19.300230026245117
30-05-2007,21.8799991607666,21.985000610351562,1201400,22.5049991607666,22.5049991607666,19.347511291503906
31-05-2007,22.295000076293945,22.489999771118164,1050800,22.540000915527344,22.540000915527344,19.377601623535156
01-06-2007,22.55500030517578,22.649999618530273,845200,22.825000762939453,22.780000686645508,19.583927154541016
04-06-2007,22.469999313354492,22.829999923706055,1084200,22.934999465942383,22.670000076293945,19.48936653137207
05-06-2007,22.299999237060547,22.56999969482422,806600,22.71500015258789,22.635000228881836,19.45927619934082
06-06-2007,22.125,22.450000762939453,1542600,22.450000762939453,22.219999313354492,19.102497100830078
07-06-2007,21.899999618530273,22.149999618530273,1321000,22.290000915527344,21.899999618530273,18.827390670776367
08-06-2007,21.889999389648438,21.899999618530273,1073400,22.1200008392334,22.100000381469727,18.999332427978516
11-06-2007,21.735000610351562,22.0049991607666,2183800,22.06999969482422,21.799999237060547,18.74142837524414
12-06-2007,21.350000381469727,21.600000381469727,1907600,21.71500015258789,21.579999923706055,18.552288055419922
13-06-2007,21.479999542236328,21.5,1304800,22.049999237060547,21.8700008392334,18.801607131958008
14-06-2007,21.350000381469727,21.424999237060547,2279200,21.81999969482422,21.704999923706055,18.659757614135742
15-06-2007,21.704999923706055,21.864999771118164,1302000,22.0,21.954999923706055,18.874671936035156
18-06-2007,21.920000076293945,22.06999969482422,1019600,22.084999084472656,21.954999923706055,18.874671936035156
19-06-2007,21.774999618530273,21.8799991607666,745800,21.950000762939453,21.93000030517578,18.853185653686523
20-06-2007,21.6200008392334,22.0049991607666,690600,22.065000534057617,21.6200008392334,18.586679458618164
21-06-2007,21.315000534057617,21.46500015258789,1006400,21.5049991607666,21.450000762939453,18.440526962280273
22-06-2007,20.78499984741211,21.334999084472656,2764400,21.334999084472656,20.915000915527344,17.980594635009766
25-06-2007,20.665000915527344,20.8799991607666,2540400,21.079999923706055,20.739999771118164,17.830141067504883
26-06-2007,20.604999542236328,20.895000457763672,1747200,21.200000762939453,20.625,17.731279373168945
27-06-2007,20.309999465942383,20.459999084472656,1555600,20.829999923706055,20.815000534057617,17.894620895385742
28-06-2007,20.625,20.75,1810800,20.895000457763672,20.78499984741211,17.86882972717285
29-06-2007,20.579999923706055,20.774999618530273,1326600,20.8799991607666,20.6299991607666,17.735578536987305
02-07-2007,20.639999389648438,20.764999389648438,1075400,20.920000076293945,20.850000381469727,17.924711227416992
03-07-2007,20.71500015258789,20.860000610351562,310600,20.950000762939453,20.825000762939453,17.903215408325195
05-07-2007,20.65999984741211,20.899999618530273,572400,20.899999618530273,20.850000381469727,17.924711227416992
06-07-2007,20.684999465942383,20.850000381469727,686000,20.920000076293945,20.860000610351562,17.933307647705078
09-07-2007,20.81999969482422,20.96500015258789,765600,21.075000762939453,21.05500030517578,18.100942611694336
10-07-2007,20.489999771118164,20.899999618530273,1083200,20.899999618530273,20.55500030517578,17.671100616455078
11-07-2007,20.415000915527344,20.454999923706055,786800,20.575000762939453,20.565000534057617,17.67970085144043
12-07-2007,20.405000686645508,20.46500015258789,1238800,20.854999542236328,20.854999542236328,17.92900848388672
13-07-2007,20.59000015258789,20.625,1449800,21.264999389648438,20.799999237060547,17.881725311279297
16-07-2007,20.485000610351562,20.665000915527344,654800,20.700000762939453,20.524999618530273,17.645307540893555
17-07-2007,20.219999313354492,20.385000228881836,1399400,20.725000381469727,20.46500015258789,17.593727111816406
18-07-2007,20.264999389648438,20.325000762939453,1478800,20.80500030517578,20.71500015258789,17.80865478515625
19-07-2007,20.43000030517578,20.825000762939453,1778000,20.8700008392334,20.6200008392334,17.72698211669922
20-07-2007,20.604999542236328,20.809999465942383,1374600,20.950000762939453,20.760000228881836,17.847341537475586
23-07-2007,20.735000610351562,20.825000762939453,1097200,21.045000076293945,20.920000076293945,17.984888076782227
24-07-2007,20.834999084472656,20.899999618530273,1351200,21.079999923706055,20.934999465942383,17.99778175354004
25-07-2007,21.0,21.049999237060547,2486800,21.674999237060547,21.565000534057617,18.539390563964844
26-07-2007,21.0,21.520000457763672,2827200,21.93000030517578,21.610000610351562,18.578075408935547
27-07-2007,21.280000686645508,21.614999771118164,1359000,21.709999084472656,21.280000686645508,18.29437828063965
30-07-2007,20.895000457763672,21.25,1091200,21.584999084472656,21.364999771118164,18.367460250854492
31-07-2007,21.489999771118164,21.625,1295600,21.934999465942383,21.489999771118164,18.474912643432617
01-08-2007,20.975000381469727,20.975000381469727,1658000,21.799999237060547,21.709999084472656,18.66404914855957
02-08-2007,21.645000457763672,21.815000534057617,1156400,22.30500030517578,22.274999618530273,19.1497802734375
03-08-2007,22.06999969482422,22.125,1978000,22.600000381469727,22.075000762939453,18.977848052978516
06-08-2007,22.010000228881836,22.149999618530273,1924000,23.030000686645508,22.575000762939453,19.407691955566406
07-08-2007,22.350000381469727,22.350000381469727,2736600,22.969999313354492,22.700000762939453,19.515151977539062
08-08-2007,21.0,21.299999237060547,8492200,22.96500015258789,22.325000762939453,19.192764282226562
09-08-2007,21.174999237060547,21.174999237060547,4759600,23.350000381469727,22.020000457763672,18.930561065673828
10-08-2007,21.204999923706055,21.825000762939453,3034000,21.850000381469727,21.4950008392334,18.479219436645508
13-08-2007,20.969999313354492,21.454999923706055,1681800,21.549999237060547,21.204999923706055,18.22989845275879
14-08-2007,20.625,21.219999313354492,1751800,21.420000076293945,20.625,17.731279373168945
15-08-2007,20.059999465942383,20.450000762939453,2096800,20.600000381469727,20.1200008392334,17.297134399414062
16-08-2007,19.170000076293945,19.43000030517578,4069000,20.05500030517578,19.829999923706055,17.04781723022461
17-08-2007,19.860000610351562,20.280000686645508,2501800,20.40999984741211,20.395000457763672,17.533540725708008
20-08-2007,20.200000762939453,20.625,1712400,20.75,20.364999771118164,17.50775909423828
21-08-2007,20.145000457763672,20.239999771118164,884400,20.440000534057617,20.2450008392334,17.40459632873535
22-08-2007,20.325000762939453,20.325000762939453,893200,20.799999237060547,20.774999618530273,17.86023712158203
23-08-2007,20.405000686645508,20.774999618530273,1165800,20.829999923706055,20.700000762939453,17.795759201049805
24-08-2007,20.604999542236328,20.75,935600,21.0,20.985000610351562,18.040773391723633
27-08-2007,20.65999984741211,20.920000076293945,925600,21.010000228881836,20.8799991607666,17.950496673583984
28-08-2007,20.459999084472656,20.84000015258789,1016000,20.9950008392334,20.4950008392334,17.619516372680664
29-08-2007,20.125,20.594999313354492,1173800,20.600000381469727,20.375,17.516353607177734
30-08-2007,20.1299991607666,20.25,1010200,20.3799991607666,20.280000686645508,17.434677124023438
31-08-2007,20.1299991607666,20.549999237060547,1114400,20.549999237060547,20.329999923706055,17.4776668548584
04-09-2007,20.3700008392334,20.485000610351562,956600,20.799999237060547,20.71500015258789,17.80865478515625
05-09-2007,20.5,20.610000610351562,1172800,20.885000228881836,20.635000228881836,17.7398738861084
06-09-2007,20.735000610351562,20.75,1412200,21.135000228881836,21.094999313354492,18.13533592224121
07-09-2007,20.700000762939453,20.84000015258789,1562800,21.209999084472656,21.170000076293945,18.199813842773438
10-09-2007,21.149999618530273,21.2450008392334,1162600,21.549999237060547,21.34000015258789,18.345966339111328
11-09-2007,21.354999542236328,21.459999084472656,1748200,22.030000686645508,22.020000457763672,18.930561065673828
12-09-2007,21.889999389648438,21.985000610351562,1098000,22.329999923706055,22.225000381469727,19.10679817199707
13-09-2007,22.084999084472656,22.21500015258789,888000,22.475000381469727,22.204999923706055,19.0896053314209
14-09-2007,21.989999771118164,22.059999465942383,774000,22.30500030517578,22.19499969482422,19.08100128173828
17-09-2007,22.024999618530273,22.094999313354492,726400,22.264999389648438,22.03499984741211,18.943458557128906
18-09-2007,22.0049991607666,22.135000228881836,927200,22.5,22.475000381469727,19.321714401245117
19-09-2007,22.165000915527344,22.4950008392334,1095600,22.565000534057617,22.21500015258789,19.09820556640625
20-09-2007,22.2549991607666,22.399999618530273,495800,22.579999923706055,22.2549991607666,19.132587432861328
21-09-2007,21.860000610351562,22.274999618530273,1364800,22.274999618530273,21.90999984741211,18.835994720458984
24-09-2007,21.59000015258789,22.024999618530273,1529800,22.18000030517578,21.645000457763672,18.608169555664062
25-09-2007,21.524999618530273,21.59000015258789,774200,21.899999618530273,21.875,18.8059024810791
26-09-2007,21.69499969482422,21.875,491000,21.989999771118164,21.829999923706055,18.767215728759766
27-09-2007,21.030000686645508,21.2549991607666,1025200,21.459999084472656,21.44499969482422,18.436233520507812
28-09-2007,21.239999771118164,21.489999771118164,809000,21.625,21.434999465942383,18.427640914916992
01-10-2007,21.1299991607666,21.364999771118164,1834000,21.559999465942383,21.420000076293945,18.414735794067383
02-10-2007,21.239999771118164,21.31999969482422,890800,21.549999237060547,21.375,18.376049041748047
03-10-2007,20.604999542236328,21.290000915527344,2243200,21.290000915527344,20.614999771118164,17.722681045532227
04-10-2007,19.924999237060547,20.485000610351562,3609800,20.700000762939453,20.0,17.1939697265625
05-10-2007,20.045000076293945,20.1200008392334,2460000,20.575000762939453,20.575000762939453,17.688295364379883
08-10-2007,20.170000076293945,20.565000534057617,1042400,20.655000686645508,20.170000076293945,17.340112686157227
09-10-2007,19.71500015258789,20.094999313354492,1458600,20.270000457763672,20.270000457763672,17.42608642578125
10-10-2007,20.25,20.280000686645508,841400,20.5,20.3799991607666,17.520658493041992
11-10-2007,20.045000076293945,20.55500030517578,1092400,20.834999084472656,20.264999389648438,17.421789169311523
12-10-2007,20.170000076293945,20.399999618530273,1056400,20.459999084472656,20.2549991607666,17.41318702697754
15-10-2007,19.905000686645508,20.174999237060547,1287600,20.25,20.0,17.1939697265625
16-10-2007,19.790000915527344,20.0,1304000,20.079999923706055,19.825000762939453,17.04352378845215
17-10-2007,19.93000030517578,20.084999084472656,853000,20.19499969482422,20.049999237060547,17.23694610595703
18-10-2007,19.905000686645508,20.0,799400,20.104999542236328,19.96500015258789,17.163875579833984
19-10-2007,19.93000030517578,19.96500015258789,1178000,20.165000915527344,20.030000686645508,17.219764709472656
22-10-2007,19.774999618530273,19.864999771118164,1045400,20.084999084472656,20.024999618530273,17.21546173095703
23-10-2007,20.165000915527344,20.184999465942383,872400,20.579999923706055,20.559999465942383,17.675397872924805
24-10-2007,19.719999313354492,19.760000228881836,1439600,20.4950008392334,20.450000762939453,17.580835342407227
25-10-2007,20.475000381469727,20.56999969482422,841000,20.93000030517578,20.729999542236328,17.821548461914062
26-10-2007,20.405000686645508,21.045000076293945,1494800,21.104999542236328,20.450000762939453,17.580835342407227
29-10-2007,20.315000534057617,20.575000762939453,1408400,20.670000076293945,20.489999771118164,17.615215301513672
30-10-2007,20.344999313354492,20.40999984741211,659000,20.53499984741211,20.385000228881836,17.524953842163086
31-10-2007,20.264999389648438,20.600000381469727,1369400,20.81999969482422,20.71500015258789,17.80865478515625
01-11-2007,20.059999465942383,20.524999618530273,1545600,20.825000762939453,20.084999084472656,17.26704216003418
02-11-2007,20.65999984741211,21.200000762939453,3747200,21.5,20.950000762939453,18.01067543029785
05-11-2007,20.094999313354492,20.674999237060547,2121800,20.950000762939453,20.780000686645508,17.864530563354492
06-11-2007,20.75,20.81999969482422,1233800,21.184999465942383,21.149999618530273,18.182621002197266
07-11-2007,20.844999313354492,20.844999313354492,1862000,21.200000762939453,21.024999618530273,18.075157165527344
08-11-2007,20.924999237060547,21.110000610351562,1485400,21.5,21.424999237060547,18.419038772583008
09-11-2007,21.114999771118164,21.25,2171200,22.030000686645508,21.770000457763672,18.71563148498535
12-11-2007,21.604999542236328,21.604999542236328,2309000,22.1299991607666,21.924999237060547,18.848878860473633
13-11-2007,22.09000015258789,22.125,2165400,22.625,22.450000762939453,19.300230026245117
14-11-2007,21.864999771118164,22.450000762939453,1999600,22.450000762939453,21.985000610351562,18.900470733642578
15-11-2007,21.625,21.985000610351562,1380800,22.364999771118164,21.75,18.698436737060547
16-11-2007,21.514999389648438,22.079999923706055,1294200,22.084999084472656,21.84000015258789,18.775815963745117
19-11-2007,21.725000381469727,21.725000381469727,1836200,22.514999389648438,22.290000915527344,19.162675857543945
20-11-2007,21.969999313354492,22.239999771118164,2716200,22.350000381469727,22.125,19.020824432373047
21-11-2007,21.84000015258789,21.924999237060547,1147200,22.18000030517578,21.864999771118164,18.79730796813965
23-11-2007,22.0,22.0,1007800,22.75,22.729999542236328,19.54094123840332
26-11-2007,22.299999237060547,22.704999923706055,921600,22.905000686645508,22.354999542236328,19.218555450439453
27-11-2007,22.204999923706055,22.4950008392334,1382600,22.71500015258789,22.53499984741211,19.37329864501953
28-11-2007,22.53499984741211,22.53499984741211,1100000,23.200000762939453,23.155000686645508,19.90631675720215
29-11-2007,22.7549991607666,22.899999618530273,871600,23.139999389648438,22.959999084472656,19.738672256469727
30-11-2007,22.770000457763672,23.114999771118164,1383200,23.280000686645508,22.899999618530273,19.687095642089844
03-12-2007,22.43000030517578,22.815000534057617,1366600,23.024999618530273,22.950000762939453,19.730072021484375
04-12-2007,22.549999237060547,22.799999237060547,1071400,23.15999984741211,22.934999465942383,19.717185974121094
05-12-2007,22.790000915527344,22.950000762939453,1264400,23.1200008392334,23.020000457763672,19.790252685546875
06-12-2007,23.125,23.184999465942383,1423000,23.975000381469727,23.895000457763672,20.54249382019043
07-12-2007,23.8799991607666,23.899999618530273,1142800,24.229999542236328,24.040000915527344,20.66715431213379
10-12-2007,23.829999923706055,24.059999465942383,953600,24.165000915527344,24.145000457763672,20.757415771484375
11-12-2007,23.979999542236328,24.155000686645508,2237200,24.625,24.149999618530273,20.76171112060547
12-12-2007,24.165000915527344,24.545000076293945,1540600,24.575000762939453,24.389999389648438,20.968042373657227
13-12-2007,24.225000381469727,24.3700008392334,1140800,24.469999313354492,24.424999237060547,20.99812889099121
14-12-2007,22.700000762939453,22.700000762939453,2000200,24.040000915527344,23.665000915527344,20.344758987426758
17-12-2007,23.2450008392334,23.875,1929400,24.395000457763672,23.280000686645508,20.013774871826172
18-12-2007,22.94499969482422,23.40999984741211,1284200,23.440000534057617,23.329999923706055,20.056758880615234
19-12-2007,22.899999618530273,23.100000381469727,915600,23.225000381469727,22.9950008392334,19.768766403198242
20-12-2007,22.975000381469727,23.075000762939453,1267800,23.4950008392334,23.4950008392334,20.198606491088867
21-12-2007,25.0,25.155000686645508,9782000,27.290000915527344,26.545000076293945,22.82069206237793
24-12-2007,25.405000686645508,25.645000457763672,1380400,26.46500015258789,26.2549991607666,22.57138442993164
26-12-2007,25.895000457763672,25.895000457763672,1079400,26.545000076293945,26.424999237060547,22.717533111572266
27-12-2007,26.149999618530273,26.405000686645508,852600,26.5,26.155000686645508,22.485408782958984
28-12-2007,25.905000686645508,26.0,860800,26.5,26.274999618530273,22.588571548461914
31-12-2007,26.170000076293945,26.260000228881836,1004800,26.375,26.264999389648438,22.57997703552246
02-01-2008,25.209999084472656,25.459999084472656,2022400,25.895000457763672,25.655000686645508,22.055566787719727
03-01-2008,25.174999237060547,25.25,1958800,26.209999084472656,25.5049991607666,21.92660903930664
04-01-2008,24.700000762939453,25.219999313354492,2288200,25.239999771118164,24.774999618530273,21.299030303955078
07-01-2008,23.799999237060547,24.834999084472656,2186400,24.834999084472656,24.334999084472656,20.92076301574707
08-01-2008,24.375,24.46500015258789,1395000,25.024999618530273,24.489999771118164,21.05401611328125
09-01-2008,24.06999969482422,24.489999771118164,1227000,24.71500015258789,24.65999984741211,21.200162887573242
10-01-2008,24.540000915527344,24.614999771118164,895600,25.0,24.84000015258789,21.354902267456055
11-01-2008,24.344999313354492,24.514999389648438,931600,24.729999542236328,24.59000015258789,21.139986038208008
14-01-2008,24.440000534057617,24.709999084472656,775400,24.80500030517578,24.719999313354492,21.25174331665039
15-01-2008,24.239999771118164,24.5,1021800,24.670000076293945,24.459999084472656,21.028217315673828
16-01-2008,24.190000534057617,24.264999389648438,1465200,24.65999984741211,24.325000762939453,20.91216468811035
17-01-2008,23.895000457763672,24.375,1103600,24.469999313354492,23.895000457763672,20.54249382019043
18-01-2008,22.940000534057617,23.899999618530273,1682400,23.899999618530273,23.045000076293945,19.811744689941406
22-01-2008,21.149999618530273,22.075000762939453,1590800,23.59000015258789,22.809999465942383,19.60971450805664
23-01-2008,21.8799991607666,22.100000381469727,1211400,22.84000015258789,22.719999313354492,19.5323486328125
24-01-2008,22.46500015258789,22.65999984741211,1015200,23.145000457763672,22.719999313354492,19.5323486328125
25-01-2008,22.614999771118164,22.93000030517578,1247000,23.030000686645508,22.71500015258789,19.528045654296875
28-01-2008,22.635000228881836,22.795000076293945,1358000,23.174999237060547,23.1200008392334,19.876222610473633
29-01-2008,23.149999618530273,23.325000762939453,708200,23.639999389648438,23.25,19.987987518310547
30-01-2008,22.729999542236328,22.924999237060547,1011000,23.014999389648438,22.729999542236328,19.54094123840332
31-01-2008,22.350000381469727,22.440000534057617,1226800,23.440000534057617,23.225000381469727,19.96649742126465
01-02-2008,23.25,23.360000610351562,1361600,23.920000076293945,23.725000381469727,20.396345138549805
04-02-2008,23.239999771118164,23.489999771118164,847600,23.65999984741211,23.295000076293945,20.026676177978516
05-02-2008,22.299999237060547,22.799999237060547,1625400,22.9950008392334,22.334999084472656,19.20136260986328
06-02-2008,21.665000915527344,22.40999984741211,2007200,22.434999465942383,22.135000228881836,19.02942657470703
07-02-2008,21.934999465942383,22.075000762939453,1927800,22.450000762939453,22.165000915527344,19.05521583557129
08-02-2008,20.625,20.864999771118164,5364400,22.389999389648438,21.68000030517578,18.638259887695312
11-02-2008,21.03499984741211,21.5049991607666,1674400,21.735000610351562,21.424999237060547,18.419038772583008
12-02-2008,20.8700008392334,21.045000076293945,2042200,21.399999618530273,21.2450008392334,18.264291763305664
13-02-2008,21.059999465942383,21.3799991607666,1417600,21.489999771118164,21.094999313354492,18.13533592224121
14-02-2008,20.854999542236328,21.5,1311400,21.5,20.8799991607666,17.950496673583984
15-02-2008,20.71500015258789,20.825000762939453,862800,21.06999969482422,20.75,17.8387451171875
19-02-2008,20.725000381469727,20.934999465942383,1479800,21.0,20.834999084472656,17.911819458007812
20-02-2008,20.31999969482422,20.40999984741211,1627400,20.985000610351562,20.934999465942383,17.99778175354004
21-02-2008,20.434999465942383,20.8700008392334,1138000,20.8700008392334,20.475000381469727,17.602319717407227
22-02-2008,20.239999771118164,20.399999618530273,1020400,20.59000015258789,20.53499984741211,17.65391731262207
25-02-2008,20.21500015258789,20.469999313354492,1526800,20.864999771118164,20.575000762939453,17.688295364379883
26-02-2008,20.440000534057617,20.549999237060547,2364600,20.93000030517578,20.799999237060547,17.881725311279297
27-02-2008,20.75,20.850000381469727,1106600,21.540000915527344,21.270000457763672,18.285778045654297
28-02-2008,20.875,21.045000076293945,744400,21.209999084472656,21.0049991607666,18.05796241760254
29-02-2008,20.170000076293945,20.7450008392334,1411600,20.7450008392334,20.2450008392334,17.40459632873535
03-03-2008,20.239999771118164,20.239999771118164,998600,20.600000381469727,20.5,17.62381935119629
04-03-2008,20.25,20.2549991607666,880000,20.565000534057617,20.354999542236328,17.499155044555664
05-03-2008,20.15999984741211,20.354999542236328,1063800,20.489999771118164,20.200000762939453,17.365907669067383
06-03-2008,19.875,20.1299991607666,1062000,20.3799991607666,19.90999984741211,17.116592407226562
07-03-2008,19.649999618530273,19.774999618530273,1086600,20.020000457763672,19.7549991607666,16.983339309692383
10-03-2008,19.549999237060547,19.854999542236328,866600,19.940000534057617,19.600000381469727,16.850088119506836
11-03-2008,19.635000228881836,19.934999465942383,1541400,20.174999237060547,20.139999389648438,17.314327239990234
12-03-2008,20.209999084472656,20.209999084472656,1288600,20.7549991607666,20.334999084472656,17.48196029663086
13-03-2008,20.295000076293945,20.395000457763672,1587200,20.905000686645508,20.7549991607666,17.843036651611328
14-03-2008,20.799999237060547,21.235000610351562,2723400,21.434999465942383,20.94499969482422,18.006389617919922
17-03-2008,19.795000076293945,20.540000915527344,1888400,20.56999969482422,19.934999465942383,17.138084411621094
18-03-2008,20.059999465942383,20.21500015258789,1664800,21.2549991607666,21.114999771118164,18.15252685546875
19-03-2008,20.75,21.260000228881836,734200,21.459999084472656,20.760000228881836,17.847341537475586
20-03-2008,20.360000610351562,20.674999237060547,1069400,20.84000015258789,20.84000015258789,17.916114807128906
24-03-2008,20.735000610351562,20.84000015258789,1069600,21.135000228881836,20.844999313354492,17.920413970947266
25-03-2008,20.655000686645508,20.809999465942383,1165800,21.375,21.170000076293945,18.199813842773438
26-03-2008,20.454999923706055,20.75,1263200,20.844999313354492,20.739999771118164,17.830141067504883
27-03-2008,20.520000457763672,20.594999313354492,1367000,20.81999969482422,20.725000381469727,17.817245483398438
28-03-2008,20.864999771118164,21.610000610351562,1125600,21.610000610351562,21.010000228881836,18.062267303466797
31-03-2008,20.565000534057617,20.875,1302000,21.135000228881836,21.09000015258789,18.13103675842285
01-04-2008,21.155000686645508,21.235000610351562,984400,21.84000015258789,21.790000915527344,18.73282814025879
02-04-2008,21.524999618530273,21.645000457763672,956400,22.079999923706055,21.844999313354492,18.78011131286621
03-04-2008,21.985000610351562,21.985000610351562,1313000,22.575000762939453,22.375,19.235754013061523
04-04-2008,22.28499984741211,22.3700008392334,989400,22.665000915527344,22.579999923706055,19.4119873046875
07-04-2008,22.450000762939453,22.75,560000,22.829999923706055,22.65999984741211,19.48076057434082
08-04-2008,22.28499984741211,22.639999389648438,689600,22.68000030517578,22.530000686645508,19.36901092529297
09-04-2008,22.114999771118164,22.604999542236328,599400,22.729999542236328,22.190000534057617,19.076709747314453
10-04-2008,21.415000915527344,21.90999984741211,2178200,22.18000030517578,21.655000686645508,18.61676788330078
11-04-2008,21.0,21.2450008392334,1360600,21.420000076293945,21.155000686645508,18.18692398071289
14-04-2008,20.280000686645508,21.03499984741211,1592000,21.06999969482422,21.024999618530273,18.075157165527344
15-04-2008,20.93000030517578,20.975000381469727,1833400,21.325000762939453,21.125,18.16112518310547
16-04-2008,21.149999618530273,21.270000457763672,1286800,21.485000610351562,21.229999542236328,18.251401901245117
17-04-2008,21.0,21.125,2667400,21.309999465942383,21.170000076293945,18.199813842773438
18-04-2008,21.05500030517578,21.309999465942383,1155000,21.485000610351562,21.174999237060547,18.204111099243164
21-04-2008,20.84000015258789,21.014999389648438,1350600,21.114999771118164,21.075000762939453,18.118152618408203
22-04-2008,20.860000610351562,21.0,1055800,21.084999084472656,21.0049991607666,18.05796241760254
23-04-2008,20.924999237060547,21.079999923706055,705800,21.329999923706055,21.094999313354492,18.13533592224121
24-04-2008,21.0,21.06999969482422,922000,21.434999465942383,21.1200008392334,18.156827926635742
25-04-2008,20.905000686645508,21.334999084472656,692600,21.334999084472656,21.145000457763672,18.17832374572754
28-04-2008,21.014999389648438,21.110000610351562,1194400,21.579999923706055,21.475000381469727,18.462024688720703
29-04-2008,21.229999542236328,21.395000457763672,1033400,21.78499984741211,21.700000762939453,18.65545654296875
30-04-2008,21.40999984741211,21.610000610351562,1221400,21.78499984741211,21.559999465942383,18.535097122192383
01-05-2008,20.899999618530273,21.239999771118164,1499200,21.290000915527344,21.0,18.053667068481445
02-05-2008,20.690000534057617,21.225000381469727,2884800,21.770000457763672,20.75,17.8387451171875
05-05-2008,19.799999237060547,20.649999618530273,2888200,20.700000762939453,20.0,17.1939697265625
06-05-2008,19.80500030517578,19.905000686645508,1356800,20.385000228881836,20.3700008392334,17.51205825805664
07-05-2008,20.075000762939453,20.264999389648438,1141400,20.424999237060547,20.165000915527344,17.3358211517334
08-05-2008,20.0,20.149999618530273,596800,20.239999771118164,20.094999313354492,17.275636672973633
09-05-2008,19.799999237060547,19.860000610351562,756000,20.364999771118164,20.139999389648438,17.314327239990234
12-05-2008,20.0,20.165000915527344,732000,20.540000915527344,20.354999542236328,17.499155044555664
13-05-2008,19.985000610351562,20.325000762939453,884400,20.545000076293945,20.46500015258789,17.593727111816406
14-05-2008,20.59000015258789,20.59000015258789,679200,20.950000762939453,20.725000381469727,17.817245483398438
15-05-2008,20.145000457763672,20.575000762939453,957200,20.594999313354492,20.420000076293945,17.555042266845703
16-05-2008,20.299999237060547,20.524999618530273,736000,20.6200008392334,20.540000915527344,17.6582088470459
19-05-2008,20.299999237060547,20.5,560200,20.75,20.59000015258789,17.701190948486328
20-05-2008,20.315000534057617,20.454999923706055,796600,20.475000381469727,20.46500015258789,17.593727111816406
21-05-2008,20.399999618530273,20.5,914000,20.899999618530273,20.399999618530273,17.53784942626953
22-05-2008,19.895000457763672,20.045000076293945,1175200,20.235000610351562,20.010000228881836,17.202558517456055
23-05-2008,19.8799991607666,20.014999389648438,1106600,20.06999969482422,19.924999237060547,17.129493713378906
27-05-2008,19.170000076293945,19.549999237060547,1949400,19.549999237060547,19.5,16.764122009277344
28-05-2008,19.1299991607666,19.325000762939453,1684000,19.594999313354492,19.514999389648438,16.777009963989258
29-05-2008,19.405000686645508,19.44499969482422,920600,20.024999618530273,19.700000762939453,16.936058044433594
30-05-2008,19.510000228881836,19.625,1177600,19.719999313354492,19.69499969482422,16.9317626953125
02-06-2008,19.079999923706055,19.239999771118164,1579400,19.395000457763672,19.315000534057617,16.60507583618164
03-06-2008,19.19499969482422,19.274999618530273,1295200,19.5049991607666,19.399999618530273,16.678152084350586
04-06-2008,19.299999237060547,19.299999237060547,1544000,20.024999618530273,19.815000534057617,17.034921646118164
05-06-2008,19.829999923706055,19.924999237060547,910800,20.364999771118164,20.25,17.408891677856445
06-06-2008,19.8700008392334,20.059999465942383,1337400,20.46500015258789,20.325000762939453,17.473373413085938
09-06-2008,19.815000534057617,20.424999237060547,858200,20.479999542236328,20.010000228881836,17.202558517456055
10-06-2008,19.270000457763672,19.475000381469727,1642600,19.600000381469727,19.399999618530273,16.678152084350586
11-06-2008,19.315000534057617,19.399999618530273,1012800,19.690000534057617,19.364999771118164,16.648056030273438
12-06-2008,19.100000381469727,19.2450008392334,1346200,19.670000076293945,19.100000381469727,16.42024040222168
13-06-2008,19.049999237060547,19.110000610351562,1285800,19.315000534057617,19.139999389648438,16.45462989807129
16-06-2008,18.6299991607666,18.94499969482422,1090200,19.100000381469727,19.0,16.334270477294922
17-06-2008,18.260000228881836,18.774999618530273,2127200,18.774999618530273,18.309999465942383,15.741077423095703
18-06-2008,17.725000381469727,17.950000762939453,2068000,18.25,17.905000686645508,15.392903327941895
19-06-2008,17.5,17.549999237060547,2164400,18.065000534057617,17.84000015258789,15.337018013000488
20-06-2008,17.549999237060547,17.760000228881836,2143200,17.825000762939453,17.579999923706055,15.113502502441406
23-06-2008,17.354999542236328,17.545000076293945,4766000,17.80500030517578,17.415000915527344,14.971652030944824
24-06-2008,16.78499984741211,17.149999618530273,3925200,17.239999771118164,17.094999313354492,14.696541786193848
25-06-2008,16.725000381469727,16.915000915527344,2909800,17.450000762939453,17.264999389648438,14.842691421508789
26-06-2008,17.145000457763672,17.149999618530273,2077600,17.59000015258789,17.2549991607666,14.834096908569336
27-06-2008,17.190000534057617,17.190000534057617,1326800,17.594999313354492,17.5,15.044723510742188
30-06-2008,17.350000381469727,17.53499984741211,2678800,18.295000076293945,17.8700008392334,15.362807273864746
01-07-2008,17.815000534057617,17.815000534057617,5822200,20.09000015258789,19.155000686645508,16.4675235748291
02-07-2008,19.030000686645508,19.200000762939453,2901800,19.469999313354492,19.03499984741211,16.364355087280273
03-07-2008,19.030000686645508,19.235000610351562,1199200,19.454999923706055,19.40999984741211,16.68674087524414
07-07-2008,18.450000762939453,19.25,1860200,19.375,18.774999618530273,16.140836715698242
08-07-2008,18.674999237060547,18.674999237060547,2186600,19.145000457763672,19.079999923706055,16.403043746948242
09-07-2008,18.81999969482422,19.204999923706055,1284400,19.5,18.940000534057617,16.28269386291504
10-07-2008,18.760000228881836,18.989999771118164,1052000,19.44499969482422,18.969999313354492,16.30847930908203
11-07-2008,18.549999237060547,18.8700008392334,761600,19.049999237060547,18.875,16.226808547973633
14-07-2008,17.565000534057617,17.760000228881836,3187400,18.344999313354492,18.114999771118164,15.573436737060547
15-07-2008,17.760000228881836,17.94499969482422,1963400,18.049999237060547,17.860000610351562,15.35421371459961
16-07-2008,17.6200008392334,17.844999313354492,1505000,17.9950008392334,17.764999389648438,15.272541046142578
17-07-2008,17.639999389648438,17.764999389648438,1974000,18.34000015258789,17.850000381469727,15.34561824798584
18-07-2008,17.56999969482422,17.684999465942383,1362400,18.065000534057617,18.010000228881836,15.483169555664062
21-07-2008,18.204999923706055,18.204999923706055,1420800,18.829999923706055,18.5,15.904417037963867
22-07-2008,17.760000228881836,18.389999389648438,1558000,18.424999237060547,18.110000610351562,15.569135665893555
23-07-2008,18.165000915527344,18.18000030517578,1215800,18.575000762939453,18.479999542236328,15.88722038269043
24-07-2008,18.5049991607666,18.649999618530273,1050400,19.19499969482422,18.559999465942383,15.95600700378418
25-07-2008,18.354999542236328,18.530000686645508,1709800,18.75,18.454999923706055,15.86573314666748
28-07-2008,18.424999237060547,18.649999618530273,1797200,18.905000686645508,18.5,15.904417037963867
29-07-2008,18.5,18.5,1318200,18.969999313354492,18.905000686645508,16.252593994140625
30-07-2008,18.614999771118164,18.905000686645508,860000,19.149999618530273,18.825000762939453,16.183822631835938
31-07-2008,18.75,18.770000457763672,1376000,19.325000762939453,18.90999984741211,16.256898880004883
01-08-2008,18.665000915527344,18.829999923706055,1211000,19.045000076293945,18.670000076293945,16.050567626953125
04-08-2008,18.40999984741211,18.709999084472656,1254400,18.80500030517578,18.665000915527344,16.04627227783203
05-08-2008,18.614999771118164,18.8700008392334,1084800,19.260000228881836,19.125,16.441730499267578
06-08-2008,20.834999084472656,20.834999084472656,7189800,22.104999542236328,21.545000076293945,18.52220916748047
07-08-2008,21.09000015258789,21.415000915527344,4264000,22.764999389648438,22.309999465942383,19.179868698120117
08-08-2008,21.774999618530273,21.979999542236328,2077400,22.239999771118164,22.18000030517578,19.06810760498047
11-08-2008,21.81999969482422,22.0,1299200,22.34000015258789,22.145000457763672,19.038022994995117
12-08-2008,22.110000610351562,22.18000030517578,1283600,22.360000610351562,22.225000381469727,19.10679817199707
13-08-2008,21.905000686645508,22.0,1398600,22.364999771118164,22.334999084472656,19.20136260986328
14-08-2008,21.565000534057617,22.09000015258789,1179000,22.450000762939453,22.295000076293945,19.166973114013672
15-08-2008,21.729999542236328,21.850000381469727,1606800,22.200000762939453,22.010000228881836,18.92195701599121
18-08-2008,21.985000610351562,22.125,1114600,22.25,22.1299991607666,19.025127410888672
19-08-2008,21.96500015258789,22.049999237060547,799000,22.204999923706055,22.100000381469727,18.999332427978516
20-08-2008,21.600000381469727,22.100000381469727,720400,22.100000381469727,21.725000381469727,18.67694854736328
21-08-2008,21.635000228881836,21.674999237060547,700200,21.969999313354492,21.899999618530273,18.827390670776367
22-08-2008,21.80500030517578,21.905000686645508,1356200,22.53499984741211,22.440000534057617,19.291635513305664
25-08-2008,22.270000457763672,22.364999771118164,1559600,22.700000762939453,22.584999084472656,19.41628646850586
26-08-2008,22.385000228881836,22.565000534057617,1737200,23.024999618530273,22.934999465942383,19.717185974121094
27-08-2008,22.65999984741211,22.65999984741211,1753400,25.290000915527344,23.354999542236328,20.078256607055664
28-08-2008,23.364999771118164,23.459999084472656,1038800,23.68000030517578,23.56999969482422,20.26308250427246
29-08-2008,23.270000457763672,23.53499984741211,1935800,23.6299991607666,23.399999618530273,20.116941452026367
02-09-2008,22.604999542236328,22.860000610351562,2756800,23.545000076293945,23.190000534057617,19.93640899658203
03-09-2008,22.604999542236328,23.049999237060547,1524000,23.049999237060547,22.764999389648438,19.571033477783203
04-09-2008,22.344999313354492,22.719999313354492,1263800,22.719999313354492,22.40999984741211,19.26584243774414
05-09-2008,21.78499984741211,22.30500030517578,1227600,22.350000381469727,22.200000762939453,19.08530616760254
08-09-2008,22.280000686645508,22.594999313354492,1233800,22.844999313354492,22.610000610351562,19.43777847290039
09-09-2008,22.475000381469727,22.475000381469727,1456600,23.125,22.760000228881836,19.56673812866211
10-09-2008,22.55500030517578,22.864999771118164,1021600,23.05500030517578,22.905000686645508,19.69139289855957
11-09-2008,22.44499969482422,22.610000610351562,1704600,23.540000915527344,23.4950008392334,20.198606491088867
12-09-2008,23.165000915527344,23.524999618530273,1629600,24.030000686645508,23.989999771118164,20.624160766601562
15-09-2008,23.024999618530273,23.264999389648438,2211200,23.954999923706055,23.704999923706055,20.379150390625
16-09-2008,22.389999389648438,23.415000915527344,2187400,24.0,23.700000762939453,20.37485122680664
17-09-2008,22.780000686645508,23.309999465942383,1821000,23.44499969482422,22.924999237060547,19.708581924438477
18-09-2008,22.239999771118164,23.260000228881836,3373200,23.260000228881836,22.90999984741211,19.695697784423828
19-09-2008,21.2450008392334,23.364999771118164,2713400,23.450000762939453,22.954999923706055,19.734373092651367
22-09-2008,22.375,22.75,980200,23.325000762939453,22.485000610351562,19.330320358276367
23-09-2008,22.219999313354492,22.450000762939453,907000,22.78499984741211,22.329999923706055,19.19706153869629
24-09-2008,22.104999542236328,22.30500030517578,662800,22.799999237060547,22.700000762939453,19.515151977539062
25-09-2008,22.520000457763672,22.81999969482422,831800,23.0,22.795000076293945,19.596826553344727
26-09-2008,22.354999542236328,22.43000030517578,1243600,22.700000762939453,22.530000686645508,19.36901092529297
29-09-2008,21.049999237060547,22.280000686645508,3036600,22.290000915527344,21.165000915527344,18.19552230834961
30-09-2008,21.094999313354492,21.424999237060547,3019800,21.584999084472656,21.5,18.4835147857666
01-10-2008,21.25,21.44499969482422,1228600,21.674999237060547,21.674999237060547,18.633960723876953
02-10-2008,21.2549991607666,21.575000762939453,1843000,21.575000762939453,21.395000457763672,18.393251419067383
03-10-2008,21.2450008392334,21.25,1589800,21.959999084472656,21.420000076293945,18.414735794067383
06-10-2008,19.30500030517578,20.895000457763672,1618800,20.94499969482422,20.190000534057617,17.357315063476562
07-10-2008,19.290000915527344,19.950000762939453,1585000,20.030000686645508,19.46500015258789,16.73402976989746
08-10-2008,18.0,19.030000686645508,4487400,19.03499984741211,18.53499984741211,15.934504508972168
09-10-2008,17.649999618530273,18.700000762939453,1367000,18.959999084472656,17.889999389648438,15.380005836486816
10-10-2008,15.539999961853027,17.360000610351562,3612000,17.424999237060547,16.950000762939453,14.571889877319336
13-10-2008,17.25,17.25,2697600,18.325000762939453,18.270000457763672,15.70669174194336
14-10-2008,18.010000228881836,18.90999984741211,2032600,19.024999618530273,18.174999237060547,15.625020027160645
15-10-2008,17.549999237060547,17.895000457763672,3518400,18.360000610351562,17.725000381469727,15.238158226013184
16-10-2008,15.619999885559082,17.520000457763672,2945000,17.520000457763672,17.28499984741211,14.859886169433594
17-10-2008,16.790000915527344,17.010000228881836,1332600,18.1299991607666,17.709999084472656,15.225259780883789
20-10-2008,17.625,17.78499984741211,1514400,18.295000076293945,18.209999084472656,15.655104637145996
21-10-2008,17.4950008392334,17.90999984741211,1275600,18.079999923706055,17.53499984741211,15.07481575012207
22-10-2008,17.079999923706055,17.28499984741211,1243800,17.725000381469727,17.28499984741211,14.859886169433594
23-10-2008,16.229999542236328,17.395000457763672,1244400,17.565000534057617,16.764999389648438,14.412843704223633
24-10-2008,15.005000114440918,15.545000076293945,1754000,16.079999923706055,15.734999656677246,13.52735424041748
27-10-2008,14.914999961853027,15.5,1078600,15.5600004196167,14.914999961853027,12.822402000427246
28-10-2008,14.449999809265137,15.135000228881836,901400,15.75,15.729999542236328,13.523055076599121
29-10-2008,15.710000038146973,15.710000038146973,1611400,16.844999313354492,16.31999969482422,14.030277252197266
30-10-2008,16.3799991607666,16.3799991607666,838000,17.079999923706055,16.979999542236328,14.597671508789062
31-10-2008,16.645000457763672,16.96500015258789,928800,17.329999923706055,17.1299991607666,14.726627349853516
03-11-2008,17.155000686645508,17.155000686645508,926400,18.045000076293945,17.950000762939453,15.431583404541016
04-11-2008,17.84000015258789,18.3799991607666,1366200,18.395000457763672,18.25,15.689496040344238
05-11-2008,17.665000915527344,18.1299991607666,1347200,18.2450008392334,17.860000610351562,15.35421371459961
06-11-2008,16.209999084472656,17.799999237060547,1079400,17.860000610351562,16.209999084472656,13.935710906982422
07-11-2008,16.780000686645508,16.780000686645508,2635200,18.274999618530273,17.829999923706055,15.328421592712402
10-11-2008,17.295000076293945,18.18000030517578,1171600,18.915000915527344,17.46500015258789,15.014631271362305
11-11-2008,17.079999923706055,17.3799991607666,566400,17.649999618530273,17.420000076293945,14.975946426391602
12-11-2008,16.3700008392334,17.28499984741211,615600,17.28499984741211,16.46500015258789,14.15493106842041
13-11-2008,16.075000762939453,16.510000228881836,1324000,18.094999313354492,18.094999313354492,15.556236267089844
14-11-2008,17.059999465942383,17.844999313354492,736400,18.0,17.165000915527344,14.756725311279297
17-11-2008,16.924999237060547,17.09000015258789,1242800,17.7450008392334,17.540000915527344,15.079109191894531
18-11-2008,17.190000534057617,17.3799991607666,1376000,17.93000030517578,17.93000030517578,15.414389610290527
19-11-2008,17.059999465942383,17.78499984741211,1549800,18.075000762939453,17.065000534057617,14.670750617980957
20-11-2008,15.454999923706055,16.875,1812400,17.06999969482422,15.520000457763672,13.342519760131836
21-11-2008,15.265000343322754,15.914999961853027,2366200,16.674999237060547,16.5049991607666,14.189318656921387
24-11-2008,16.3700008392334,16.649999618530273,1201800,17.545000076293945,17.299999237060547,14.872780799865723
25-11-2008,16.854999542236328,17.389999389648438,3384000,17.729999542236328,16.854999542236328,14.490218162536621
26-11-2008,16.46500015258789,16.545000076293945,1443200,17.670000076293945,17.670000076293945,15.190873146057129
28-11-2008,17.6200008392334,17.6200008392334,483200,18.190000534057617,18.170000076293945,15.620718002319336
01-12-2008,16.670000076293945,17.530000686645508,1232800,17.639999389648438,16.7549991607666,14.404247283935547
02-12-2008,16.674999237060547,16.959999084472656,1228800,17.434999465942383,17.399999618530273,14.958747863769531
03-12-2008,16.8700008392334,16.975000381469727,1140600,18.100000381469727,18.079999923706055,15.54334831237793
04-12-2008,17.344999313354492,18.28499984741211,943800,18.360000610351562,17.655000686645508,15.177978515625
05-12-2008,17.149999618530273,17.454999923706055,930400,18.7450008392334,18.5049991607666,15.908720016479492
08-12-2008,18.174999237060547,18.80500030517578,1447000,18.969999313354492,18.475000381469727,15.8829345703125
09-12-2008,17.844999313354492,18.295000076293945,1156000,18.489999771118164,17.844999313354492,15.34131908416748
10-12-2008,17.46500015258789,18.09000015258789,1141200,18.274999618530273,17.69499969482422,15.212362289428711
11-12-2008,17.540000915527344,17.71500015258789,1192000,18.450000762939453,17.899999618530273,15.388598442077637
12-12-2008,17.264999389648438,17.559999465942383,855800,18.295000076293945,18.239999771118164,15.680899620056152
15-12-2008,17.549999237060547,18.364999771118164,948000,18.475000381469727,17.809999465942383,15.31122875213623
16-12-2008,17.684999465942383,18.03499984741211,1377000,18.979999542236328,18.8799991607666,16.231103897094727
17-12-2008,18.43000030517578,18.6299991607666,1794000,18.864999771118164,18.594999313354492,15.986087799072266
18-12-2008,17.44499969482422,18.565000534057617,2346400,18.665000915527344,17.8700008392334,15.362807273864746
19-12-2008,17.645000457763672,18.024999618530273,1818400,18.334999084472656,17.704999923706055,15.220958709716797
22-12-2008,17.5,17.729999542236328,1336600,17.985000610351562,17.985000610351562,15.461670875549316
23-12-2008,17.479999542236328,18.020000457763672,1451600,18.174999237060547,17.4950008392334,15.040428161621094
24-12-2008,17.440000534057617,17.6299991607666,754200,17.9950008392334,17.860000610351562,15.35421371459961
26-12-2008,17.704999923706055,17.84000015258789,849200,17.93000030517578,17.885000228881836,15.375710487365723
29-12-2008,17.530000686645508,17.940000534057617,940400,17.940000534057617,17.69499969482422,15.212362289428711
30-12-2008,17.65999984741211,17.84000015258789,1025400,18.21500015258789,18.18000030517578,15.629313468933105
31-12-2008,18.25,18.25,1152400,18.8700008392334,18.739999771118164,16.11074447631836
02-01-2009,18.6299991607666,18.81999969482422,740800,19.274999618530273,19.190000534057617,16.49761199951172
05-01-2009,18.635000228881836,19.1299991607666,632200,19.260000228881836,18.905000686645508,16.252593994140625
06-01-2009,18.719999313354492,19.045000076293945,1413600,19.34000015258789,18.735000610351562,16.106449127197266
07-01-2009,17.934999465942383,18.174999237060547,3454800,18.584999084472656,18.280000686645508,15.715291023254395
08-01-2009,18.125,18.264999389648438,1232400,18.450000762939453,18.299999237060547,15.732479095458984
09-01-2009,17.809999465942383,18.34000015258789,973400,18.3700008392334,18.209999084472656,15.655104637145996
12-01-2009,18.049999237060547,18.174999237060547,821600,18.489999771118164,18.280000686645508,15.715291023254395
13-01-2009,17.985000610351562,17.989999771118164,2008800,18.850000381469727,18.799999237060547,16.162328720092773
14-01-2009,18.780000686645508,18.780000686645508,1457600,19.225000381469727,19.049999237060547,16.37725257873535
15-01-2009,18.670000076293945,18.690000534057617,1050000,19.274999618530273,19.21500015258789,16.51910400390625
16-01-2009,19.125,19.200000762939453,1132600,19.559999465942383,19.405000686645508,16.68244743347168
20-01-2009,18.860000610351562,19.21500015258789,1165800,19.440000534057617,18.899999618530273,16.248300552368164
21-01-2009,18.8700008392334,19.03499984741211,1241000,19.655000686645508,19.604999542236328,16.854385375976562
22-01-2009,19.1299991607666,19.274999618530273,1308000,19.760000228881836,19.565000534057617,16.81999969482422
23-01-2009,18.915000915527344,19.219999313354492,1057800,19.584999084472656,19.53499984741211,16.794200897216797
26-01-2009,19.53499984741211,19.655000686645508,1178200,20.2450008392334,20.0,17.1939697265625
27-01-2009,19.825000762939453,20.065000534057617,1477600,20.604999542236328,20.489999771118164,17.615215301513672
28-01-2009,20.440000534057617,20.709999084472656,1362000,20.80500030517578,20.639999389648438,17.744163513183594
29-01-2009,20.049999237060547,20.385000228881836,1205200,20.420000076293945,20.174999237060547,17.344417572021484
30-01-2009,19.475000381469727,20.135000228881836,1095600,20.354999542236328,19.950000762939453,17.15098762512207
02-02-2009,19.549999237060547,19.655000686645508,1475000,20.045000076293945,19.969999313354492,17.16817855834961
03-02-2009,19.625,20.09000015258789,1217200,20.639999389648438,20.604999542236328,17.714088439941406
04-02-2009,19.9950008392334,20.270000457763672,1382000,20.719999313354492,20.229999542236328,17.391695022583008
05-02-2009,19.809999465942383,20.020000457763672,1867200,20.450000762939453,20.094999313354492,17.275636672973633
06-02-2009,21.040000915527344,21.079999923706055,3268600,21.7450008392334,21.405000686645508,18.401844024658203
09-02-2009,19.610000610351562,20.114999771118164,2192000,20.860000610351562,20.65999984741211,17.76136589050293
10-02-2009,20.135000228881836,20.5049991607666,2267400,20.68000030517578,20.360000610351562,17.503459930419922
11-02-2009,20.55500030517578,20.670000076293945,1287400,21.1200008392334,20.975000381469727,18.032169342041016
12-02-2009,20.71500015258789,20.725000381469727,1063800,21.34000015258789,21.270000457763672,18.285778045654297
13-02-2009,21.079999923706055,21.219999313354492,1099000,21.485000610351562,21.2549991607666,18.272890090942383
17-02-2009,20.545000076293945,20.8700008392334,1304800,21.28499984741211,21.010000228881836,18.062267303466797
18-02-2009,20.114999771118164,21.174999237060547,1396600,21.174999237060547,20.475000381469727,17.602319717407227
19-02-2009,20.325000762939453,20.584999084472656,1007200,20.790000915527344,20.540000915527344,17.6582088470459
20-02-2009,20.0,20.3700008392334,2612200,20.739999771118164,20.424999237060547,17.55933952331543
23-02-2009,20.075000762939453,20.729999542236328,1957400,20.729999542236328,20.21500015258789,17.378801345825195
24-02-2009,20.065000534057617,20.31999969482422,1063800,20.530000686645508,20.450000762939453,17.580835342407227
25-02-2009,19.690000534057617,20.3700008392334,1003600,20.489999771118164,19.860000610351562,17.073610305786133
26-02-2009,19.625,20.325000762939453,2234000,20.325000762939453,19.684999465942383,16.92316246032715
27-02-2009,18.420000076293945,19.03499984741211,2517600,19.344999313354492,18.440000534057617,15.8528470993042
02-03-2009,16.94499969482422,18.100000381469727,2880800,18.100000381469727,16.979999542236328,14.597671508789062
03-03-2009,17.170000076293945,17.225000381469727,2683400,17.94499969482422,17.760000228881836,15.268240928649902
04-03-2009,17.735000610351562,17.774999618530273,2333400,18.575000762939453,18.299999237060547,15.732479095458984
05-03-2009,17.354999542236328,18.03499984741211,2009800,18.104999542236328,17.469999313354492,15.018929481506348
06-03-2009,17.299999237060547,17.584999084472656,1907600,17.985000610351562,17.764999389648438,15.272541046142578
09-03-2009,16.6299991607666,17.764999389648438,2395600,17.780000686645508,17.0,14.614873886108398
10-03-2009,17.1200008392334,17.485000610351562,2260600,17.485000610351562,17.424999237060547,14.980243682861328
11-03-2009,17.174999237060547,17.44499969482422,1583000,17.59000015258789,17.264999389648438,14.842691421508789
12-03-2009,17.0,17.290000915527344,3600800,18.030000686645508,17.979999542236328,15.457377433776855
13-03-2009,17.5,18.19499969482422,2180000,18.280000686645508,18.065000534057617,15.530450820922852
16-03-2009,17.9950008392334,18.25,1607000,18.4950008392334,18.040000915527344,15.50896167755127
17-03-2009,16.204999923706055,17.424999237060547,8197600,17.5,16.84000015258789,14.477322578430176
18-03-2009,16.889999389648438,16.905000686645508,2829800,17.399999618530273,17.264999389648438,14.842691421508789
19-03-2009,16.71500015258789,17.434999465942383,2616600,17.44499969482422,16.854999542236328,14.490218162536621
20-03-2009,15.744999885559082,16.56999969482422,5138200,16.924999237060547,16.149999618530273,13.884126663208008
23-03-2009,16.350000381469727,16.614999771118164,2002400,16.885000228881836,16.84000015258789,14.477322578430176
24-03-2009,15.835000038146973,16.30500030517578,3038600,16.40999984741211,15.90999984741211,13.677802085876465
25-03-2009,16.03499984741211,16.309999465942383,4588600,16.420000076293945,16.399999618530273,14.099054336547852
26-03-2009,16.5049991607666,16.5049991607666,3922800,17.600000381469727,17.600000381469727,15.130692481994629
27-03-2009,17.290000915527344,17.290000915527344,1312000,17.71500015258789,17.5049991607666,15.049020767211914
30-03-2009,17.049999237060547,17.264999389648438,1349000,17.5,17.25,14.829792976379395
31-03-2009,17.459999084472656,18.200000762939453,2706000,18.2549991607666,17.670000076293945,15.190873146057129
01-04-2009,16.69499969482422,17.325000762939453,1988000,17.325000762939453,17.094999313354492,14.696541786193848
02-04-2009,17.375,17.760000228881836,2704000,17.875,17.440000534057617,14.993142127990723
03-04-2009,17.274999618530273,17.5,1317400,17.790000915527344,17.489999771118164,15.03612232208252
06-04-2009,17.204999923706055,17.354999542236328,967400,17.639999389648438,17.334999084472656,14.902871131896973
07-04-2009,17.125,17.260000228881836,1087400,17.594999313354492,17.334999084472656,14.902871131896973
08-04-2009,17.280000686645508,17.364999771118164,1264000,17.594999313354492,17.399999618530273,14.958747863769531
09-04-2009,17.625,17.71500015258789,1524000,17.875,17.829999923706055,15.328421592712402
13-04-2009,17.704999923706055,17.7450008392334,924000,18.170000076293945,18.094999313354492,15.556236267089844
14-04-2009,18.0,18.0,1283400,18.43000030517578,18.280000686645508,15.715291023254395
15-04-2009,18.114999771118164,18.264999389648438,1464200,18.815000534057617,18.44499969482422,15.857133865356445
16-04-2009,18.459999084472656,18.625,1148200,18.815000534057617,18.674999237060547,16.054866790771484
17-04-2009,18.69499969482422,18.7450008392334,1373800,19.290000915527344,19.075000762939453,16.398746490478516
20-04-2009,18.295000076293945,18.809999465942383,2084200,19.100000381469727,18.635000228881836,16.020477294921875
21-04-2009,18.454999923706055,18.600000381469727,1676200,18.920000076293945,18.850000381469727,16.205318450927734
22-04-2009,18.46500015258789,18.649999618530273,1647600,19.059999465942383,18.950000762939453,16.291278839111328
23-04-2009,18.415000915527344,18.94499969482422,2368400,19.334999084472656,18.65999984741211,16.041969299316406
24-04-2009,18.399999618530273,18.719999313354492,846200,18.959999084472656,18.8799991607666,16.231103897094727
27-04-2009,18.540000915527344,18.670000076293945,953800,19.06999969482422,18.934999465942383,16.278392791748047
28-04-2009,18.71500015258789,18.735000610351562,887600,19.079999923706055,18.7450008392334,16.115049362182617
29-04-2009,18.80500030517578,18.915000915527344,1336600,19.364999771118164,19.21500015258789,16.51910400390625
30-04-2009,19.040000915527344,19.415000915527344,1287400,19.729999542236328,19.225000381469727,16.527700424194336
01-05-2009,18.854999542236328,19.270000457763672,801400,19.375,19.030000686645508,16.360061645507812
04-05-2009,18.915000915527344,19.235000610351562,1317800,19.235000610351562,19.155000686645508,16.4675235748291
05-05-2009,18.739999771118164,19.094999313354492,1530800,19.264999389648438,19.2549991607666,16.553497314453125
06-05-2009,18.864999771118164,19.354999542236328,1357800,19.7549991607666,19.09000015258789,16.41164207458496
07-05-2009,19.329999923706055,19.489999771118164,1768600,19.665000915527344,19.4950008392334,16.75981903076172
08-05-2009,19.125,19.735000610351562,3063000,20.540000915527344,20.375,17.516353607177734
11-05-2009,19.71500015258789,20.0,1437200,20.094999313354492,19.924999237060547,17.129493713378906
12-05-2009,19.360000610351562,19.84000015258789,1357400,19.84000015258789,19.625,16.871578216552734
13-05-2009,19.270000457763672,19.5,1225000,19.71500015258789,19.360000610351562,16.64376449584961
14-05-2009,18.96500015258789,19.454999923706055,993400,19.4950008392334,19.19499969482422,16.501907348632812
15-05-2009,18.729999542236328,18.8799991607666,1729800,19.329999923706055,19.28499984741211,16.579280853271484
18-05-2009,19.145000457763672,19.389999389648438,1462200,19.56999969482422,19.420000076293945,16.695343017578125
19-05-2009,19.079999923706055,19.30500030517578,1342000,19.395000457763672,19.125,16.441730499267578
20-05-2009,18.8799991607666,19.260000228881836,1447600,19.295000076293945,18.940000534057617,16.28269386291504
21-05-2009,18.43000030517578,18.7450008392334,1945800,18.825000762939453,18.4950008392334,15.900120735168457
22-05-2009,18.579999923706055,18.729999542236328,1830800,18.959999084472656,18.610000610351562,15.99898624420166
26-05-2009,18.30500030517578,18.44499969482422,2539600,18.530000686645508,18.475000381469727,15.8829345703125
27-05-2009,18.25,18.399999618530273,1452800,18.565000534057617,18.260000228881836,15.698090553283691
28-05-2009,17.9950008392334,18.325000762939453,1180800,18.375,18.059999465942383,15.52614974975586
29-05-2009,18.014999389648438,18.28499984741211,1099400,18.53499984741211,18.53499984741211,15.934504508972168
01-06-2009,18.149999618530273,18.75,1319000,18.75,18.635000228881836,16.020477294921875
02-06-2009,18.450000762939453,18.524999618530273,1806200,19.420000076293945,19.325000762939453,16.613672256469727
03-06-2009,19.190000534057617,19.260000228881836,1401800,19.549999237060547,19.344999313354492,16.630868911743164
04-06-2009,18.655000686645508,19.325000762939453,2506800,19.43000030517578,19.145000457763672,16.45892333984375
05-06-2009,19.0049991607666,19.110000610351562,1075400,19.420000076293945,19.375,16.65665626525879
08-06-2009,18.959999084472656,19.385000228881836,1059800,19.385000228881836,19.235000610351562,16.536293029785156
09-06-2009,19.125,19.229999542236328,543800,19.344999313354492,19.209999084472656,16.514808654785156
10-06-2009,19.05500030517578,19.5049991607666,702000,19.5049991607666,19.21500015258789,16.51910400390625
11-06-2009,19.479999542236328,19.510000228881836,911200,19.81999969482422,19.674999237060547,16.914562225341797
12-06-2009,19.5049991607666,19.6299991607666,1292000,20.065000534057617,20.05500030517578,17.241254806518555
15-06-2009,19.565000534057617,19.854999542236328,1317200,19.854999542236328,19.78499984741211,17.009136199951172
16-06-2009,19.309999465942383,19.829999923706055,826800,19.8700008392334,19.440000534057617,16.71253776550293
17-06-2009,19.084999084472656,19.135000228881836,767000,19.924999237060547,19.704999923706055,16.94035530090332
18-06-2009,19.614999771118164,19.684999465942383,931600,20.020000457763672,19.885000228881836,17.09510612487793
19-06-2009,19.924999237060547,19.9950008392334,1043000,20.31999969482422,19.959999084472656,17.159582138061523
22-06-2009,19.290000915527344,19.84000015258789,1301400,19.899999618530273,19.399999618530273,16.678152084350586
23-06-2009,19.059999465942383,19.3799991607666,1314400,19.40999984741211,19.309999465942383,16.600772857666016
24-06-2009,19.2450008392334,19.424999237060547,1126400,19.78499984741211,19.600000381469727,16.850088119506836
25-06-2009,19.424999237060547,19.600000381469727,1550000,20.290000915527344,20.19499969482422,17.36160659790039
26-06-2009,20.100000381469727,20.184999465942383,1574400,20.604999542236328,20.559999465942383,17.675397872924805
29-06-2009,20.395000457763672,20.649999618530273,936200,20.815000534057617,20.780000686645508,17.864530563354492
30-06-2009,20.295000076293945,20.850000381469727,1075200,20.950000762939453,20.364999771118164,17.50775909423828
01-07-2009,19.780000686645508,20.364999771118164,2126800,20.479999542236328,20.19499969482422,17.36160659790039
02-07-2009,19.799999237060547,20.03499984741211,856600,20.110000610351562,19.809999465942383,17.030628204345703
06-07-2009,19.5,19.735000610351562,714800,19.8700008392334,19.639999389648438,16.88448143005371
07-07-2009,19.655000686645508,19.690000534057617,812600,19.979999542236328,19.774999618530273,17.000534057617188
08-07-2009,19.614999771118164,19.889999389648438,617000,19.889999389648438,19.735000610351562,16.96615219116211
09-07-2009,19.625,19.875,802600,20.0,19.844999313354492,17.060712814331055
10-07-2009,19.860000610351562,20.06999969482422,1073400,20.200000762939453,19.96500015258789,17.163875579833984
13-07-2009,19.690000534057617,20.024999618530273,2052600,20.174999237060547,19.850000381469727,17.065017700195312
14-07-2009,19.6299991607666,19.78499984741211,877800,19.959999084472656,19.93000030517578,17.1337890625
15-07-2009,19.81999969482422,20.06999969482422,774200,20.06999969482422,19.940000534057617,17.14238166809082
16-07-2009,19.899999618530273,19.940000534057617,423000,20.299999237060547,20.25,17.408891677856445
17-07-2009,19.704999923706055,20.190000534057617,756800,20.21500015258789,19.809999465942383,17.030628204345703
20-07-2009,19.485000610351562,20.18000030517578,1369800,20.264999389648438,19.649999618530273,16.893070220947266
21-07-2009,19.524999618530273,19.770000457763672,668800,19.854999542236328,19.75,16.979042053222656
22-07-2009,19.68000030517578,19.915000915527344,1143600,20.184999465942383,19.709999084472656,16.944650650024414
23-07-2009,19.69499969482422,19.75,839600,20.239999771118164,19.795000076293945,17.017730712890625
24-07-2009,19.704999923706055,19.7549991607666,671000,19.90999984741211,19.90999984741211,17.116592407226562
27-07-2009,19.8799991607666,20.434999465942383,1151800,20.75,20.200000762939453,17.365907669067383
28-07-2009,19.959999084472656,20.0049991607666,785400,20.485000610351562,20.049999237060547,17.23694610595703
29-07-2009,19.8700008392334,19.8700008392334,771600,20.270000457763672,19.979999542236328,17.176773071289062
30-07-2009,20.040000915527344,20.059999465942383,842800,20.334999084472656,20.219999313354492,17.383100509643555
31-07-2009,20.1299991607666,20.149999618530273,1355800,20.55500030517578,20.5,17.62381935119629
03-08-2009,20.4950008392334,20.674999237060547,1514800,21.024999618530273,20.9950008392334,18.04937171936035
04-08-2009,20.915000915527344,21.020000457763672,926400,21.200000762939453,21.079999923706055,18.122440338134766
05-08-2009,21.094999313354492,21.100000381469727,1260400,21.375,21.190000534057617,18.217008590698242
06-08-2009,20.90999984741211,21.329999923706055,1632000,21.56999969482422,20.9950008392334,18.04937171936035
07-08-2009,22.03499984741211,22.03499984741211,3916600,22.96500015258789,22.625,19.450674057006836
10-08-2009,22.0,22.969999313354492,1628800,22.969999313354492,22.53499984741211,19.37329864501953
11-08-2009,22.440000534057617,22.5,1046800,22.674999237060547,22.579999923706055,19.4119873046875
12-08-2009,22.5,22.59000015258789,1111800,22.940000534057617,22.729999542236328,19.54094123840332
13-08-2009,22.53499984741211,23.03499984741211,707200,23.135000228881836,22.65999984741211,19.48076057434082
14-08-2009,22.6200008392334,22.84000015258789,1076200,23.110000610351562,22.80500030517578,19.605419158935547
17-08-2009,22.5,22.575000762939453,755200,22.854999542236328,22.59000015258789,19.42058563232422
18-08-2009,22.274999618530273,22.5049991607666,781200,22.625,22.53499984741211,19.37329864501953
19-08-2009,22.28499984741211,22.364999771118164,1212600,22.90999984741211,22.735000610351562,19.54524040222168
20-08-2009,22.344999313354492,22.475000381469727,654200,22.674999237060547,22.56999969482422,19.403390884399414
21-08-2009,22.475000381469727,22.545000076293945,894000,22.809999465942383,22.600000381469727,19.429187774658203
24-08-2009,22.18000030517578,22.18000030517578,1181200,22.854999542236328,22.764999389648438,19.571033477783203
25-08-2009,22.809999465942383,22.860000610351562,1182200,23.03499984741211,22.989999771118164,19.76446533203125
26-08-2009,22.764999389648438,22.899999618530273,565000,23.079999923706055,22.84000015258789,19.63550567626953
27-08-2009,22.44499969482422,22.905000686645508,754400,22.905000686645508,22.770000457763672,19.575332641601562
28-08-2009,22.729999542236328,23.045000076293945,1403200,23.045000076293945,22.895000457763672,19.68279266357422
31-08-2009,22.68000030517578,22.780000686645508,803000,23.0,22.954999923706055,19.734373092651367
01-09-2009,22.53499984741211,22.8799991607666,1502600,22.979999542236328,22.704999923706055,19.519453048706055
02-09-2009,22.545000076293945,22.665000915527344,1221400,22.770000457763672,22.665000915527344,19.48506736755371
03-09-2009,22.530000686645508,22.78499984741211,588200,22.860000610351562,22.850000381469727,19.644105911254883
04-09-2009,22.7450008392334,22.885000228881836,1044200,22.954999923706055,22.774999618530273,19.57962417602539
08-09-2009,22.625,23.1200008392334,1169400,23.325000762939453,22.834999084472656,19.63121795654297
09-09-2009,22.69499969482422,22.760000228881836,644800,23.200000762939453,23.100000381469727,19.859027862548828
10-09-2009,22.920000076293945,23.274999618530273,622200,23.274999618530273,23.05500030517578,19.82034683227539
11-09-2009,22.864999771118164,22.96500015258789,467000,23.079999923706055,22.934999465942383,19.717185974121094
14-09-2009,22.735000610351562,22.764999389648438,464800,23.0049991607666,22.8799991607666,19.66989517211914
15-09-2009,22.815000534057617,22.875,455600,22.985000610351562,22.885000228881836,19.674198150634766
16-09-2009,22.764999389648438,22.950000762939453,822400,23.094999313354492,22.979999542236328,19.755863189697266
17-09-2009,22.614999771118164,22.899999618530273,1091000,23.0,22.635000228881836,19.45927619934082
18-09-2009,22.670000076293945,22.670000076293945,945200,22.854999542236328,22.760000228881836,19.56673812866211
21-09-2009,22.549999237060547,22.655000686645508,821600,22.9950008392334,22.764999389648438,19.571033477783203
22-09-2009,22.454999923706055,23.014999389648438,1261600,23.014999389648438,22.674999237060547,19.49366569519043
23-09-2009,22.584999084472656,22.725000381469727,930600,22.924999237060547,22.639999389648438,19.463573455810547
24-09-2009,22.44499969482422,22.829999923706055,1019800,22.924999237060547,22.5049991607666,19.347511291503906
25-09-2009,21.94499969482422,22.475000381469727,1542600,22.4950008392334,21.989999771118164,18.904766082763672
28-09-2009,21.8799991607666,22.020000457763672,940400,22.4950008392334,22.299999237060547,19.17127227783203
29-09-2009,22.30500030517578,22.485000610351562,932200,22.600000381469727,22.4950008392334,19.33891487121582
30-09-2009,22.399999618530273,22.665000915527344,1078400,22.834999084472656,22.600000381469727,19.429187774658203
01-10-2009,22.014999389648438,22.68000030517578,904400,22.709999084472656,22.03499984741211,18.943458557128906
02-10-2009,22.05500030517578,22.06999969482422,1197000,22.579999923706055,22.165000915527344,19.05521583557129
05-10-2009,21.434999465942383,22.110000610351562,2123600,22.110000610351562,21.59000015258789,18.56089210510254
06-10-2009,21.905000686645508,22.075000762939453,1839400,22.325000762939453,21.96500015258789,18.88327407836914
07-10-2009,21.4950008392334,22.165000915527344,1950600,22.21500015258789,21.75,18.698436737060547
08-10-2009,21.989999771118164,22.375,2502800,22.479999542236328,22.350000381469727,19.21426010131836
09-10-2009,22.53499984741211,22.579999923706055,1671800,22.989999771118164,22.8700008392334,19.661300659179688
12-10-2009,23.2450008392334,23.34000015258789,1486000,23.450000762939453,23.424999237060547,20.13843536376953
13-10-2009,23.59000015258789,24.325000762939453,3265400,24.415000915527344,23.774999618530273,20.439329147338867
14-10-2009,23.55500030517578,23.889999389648438,2216000,23.985000610351562,23.780000686645508,20.44363021850586
15-10-2009,23.854999542236328,23.920000076293945,1457200,24.190000534057617,24.18000030517578,20.787506103515625
16-10-2009,24.184999465942383,24.30500030517578,1533800,24.399999618530273,24.334999084472656,20.92076301574707
19-10-2009,24.360000610351562,24.46500015258789,1490800,24.610000610351562,24.565000534057617,21.118497848510742
20-10-2009,24.395000457763672,24.479999542236328,1656200,24.635000228881836,24.6299991607666,21.17437171936035
21-10-2009,24.5049991607666,24.709999084472656,2408200,24.895000457763672,24.635000228881836,21.178668975830078
22-10-2009,24.5049991607666,24.540000915527344,1092600,24.934999465942383,24.829999923706055,21.346303939819336
23-10-2009,24.665000915527344,24.93000030517578,915600,25.079999923706055,24.834999084472656,21.350605010986328
26-10-2009,24.875,24.924999237060547,1485800,25.2450008392334,24.93000030517578,21.432281494140625
27-10-2009,24.594999313354492,24.860000610351562,1663400,25.09000015258789,24.735000610351562,21.264636993408203
28-10-2009,24.200000762939453,24.780000686645508,2010800,24.950000762939453,24.264999389648438,20.86058235168457
29-10-2009,24.299999237060547,24.549999237060547,1815600,24.815000534057617,24.78499984741211,21.30762481689453
30-10-2009,24.600000381469727,24.739999771118164,1167400,25.059999465942383,24.604999542236328,21.15287208557129
02-11-2009,24.5,24.71500015258789,1187200,24.8799991607666,24.78499984741211,21.30762481689453
03-11-2009,24.235000610351562,24.614999771118164,1602600,24.774999618530273,24.4950008392334,21.05830955505371
04-11-2009,24.44499969482422,24.549999237060547,1550400,24.81999969482422,24.674999237060547,21.21305274963379
05-11-2009,24.614999771118164,24.674999237060547,1546600,25.315000534057617,25.024999618530273,21.513948440551758
06-11-2009,23.420000076293945,24.360000610351562,4552800,24.360000610351562,23.71500015258789,20.387746810913086
09-11-2009,24.395000457763672,24.735000610351562,3118600,24.770000457763672,24.614999771118164,21.16147232055664
10-11-2009,24.405000686645508,24.43000030517578,1682200,24.565000534057617,24.489999771118164,21.05401611328125
11-11-2009,24.295000076293945,24.5049991607666,1149000,24.6200008392334,24.44499969482422,21.015329360961914
12-11-2009,24.395000457763672,24.454999923706055,1174600,24.75,24.5,21.06260871887207
13-11-2009,24.825000762939453,24.8799991607666,1774400,25.344999313354492,25.264999389648438,21.72028350830078
16-11-2009,25.18000030517578,25.264999389648438,1215600,25.81999969482422,25.59000015258789,21.999679565429688
17-11-2009,25.260000228881836,25.53499984741211,899000,25.59000015258789,25.459999084472656,21.88791847229004
18-11-2009,25.219999313354492,25.524999618530273,1334000,25.594999313354492,25.43000030517578,21.862131118774414
19-11-2009,25.100000381469727,25.209999084472656,1436400,25.524999618530273,25.334999084472656,21.78044891357422
20-11-2009,24.905000686645508,25.280000686645508,1219000,25.290000915527344,25.125,21.59992027282715
23-11-2009,25.094999313354492,25.25,625400,25.5,25.235000610351562,21.694488525390625
24-11-2009,25.049999237060547,25.165000915527344,1023000,25.5,25.424999237060547,21.857831954956055
25-11-2009,25.475000381469727,25.600000381469727,1313000,26.18000030517578,26.114999771118164,22.451017379760742
27-11-2009,23.5049991607666,25.68000030517578,943200,25.68000030517578,25.200000762939453,21.664396286010742
30-11-2009,24.829999923706055,25.110000610351562,1215200,25.354999542236328,25.135000228881836,21.608524322509766
01-12-2009,25.350000381469727,25.350000381469727,1203400,25.65999984741211,25.565000534057617,21.978191375732422
02-12-2009,25.610000610351562,25.670000076293945,852600,26.05500030517578,25.96500015258789,22.322065353393555
03-12-2009,25.709999084472656,26.045000076293945,748600,26.225000381469727,25.760000228881836,22.145828247070312
04-12-2009,25.899999618530273,26.0,766800,26.174999237060547,26.125,22.45962142944336
07-12-2009,25.975000381469727,26.045000076293945,775400,26.415000915527344,26.125,22.45962142944336
08-12-2009,25.649999618530273,25.954999923706055,967200,26.020000457763672,25.739999771118164,22.12863540649414
09-12-2009,25.774999618530273,25.8799991607666,813000,26.1299991607666,25.985000610351562,22.339263916015625
10-12-2009,26.014999389648438,26.040000915527344,748800,26.5,26.424999237060547,22.717533111572266
11-12-2009,26.31999969482422,26.479999542236328,340600,26.59000015258789,26.424999237060547,22.717533111572266
14-12-2009,26.264999389648438,26.579999923706055,439800,26.579999923706055,26.475000381469727,22.760517120361328
15-12-2009,26.280000686645508,26.34000015258789,650200,26.575000762939453,26.40999984741211,22.70463752746582
16-12-2009,26.040000915527344,26.559999465942383,913800,26.559999465942383,26.100000381469727,22.438127517700195
17-12-2009,25.209999084472656,25.989999771118164,1466600,26.0049991607666,25.540000915527344,21.956693649291992
18-12-2009,25.43000030517578,25.610000610351562,953800,25.795000076293945,25.520000457763672,21.939496994018555
21-12-2009,25.670000076293945,25.709999084472656,471400,26.094999313354492,25.899999618530273,22.26618766784668
22-12-2009,25.915000915527344,26.059999465942383,906000,26.30500030517578,26.114999771118164,22.451017379760742
23-12-2009,26.094999313354492,26.360000610351562,557000,26.389999389648438,26.2450008392334,22.56278419494629
24-12-2009,26.104999542236328,26.344999313354492,164400,26.469999313354492,26.209999084472656,22.532690048217773
28-12-2009,26.079999923706055,26.209999084472656,218400,26.344999313354492,26.344999313354492,22.64876365661621
29-12-2009,26.21500015258789,26.21500015258789,552000,26.690000534057617,26.53499984741211,22.812091827392578
30-12-2009,26.19499969482422,26.389999389648438,507000,26.584999084472656,26.3799991607666,22.6788387298584
31-12-2009,26.104999542236328,26.315000534057617,445800,26.614999771118164,26.135000228881836,22.468219757080078
04-01-2010,26.139999389648438,26.31999969482422,1665400,26.55500030517578,26.395000457763672,22.69173812866211
05-01-2010,25.03499984741211,25.905000686645508,2559800,25.905000686645508,25.274999618530273,21.72887420654297
06-01-2010,25.600000381469727,25.600000381469727,1830400,26.125,26.084999084472656,22.42522621154785
07-01-2010,25.940000534057617,26.135000228881836,906400,26.270000457763672,26.1299991607666,22.46391487121582
08-01-2010,25.670000076293945,26.145000457763672,1657800,26.31999969482422,26.114999771118164,22.451017379760742
11-01-2010,25.975000381469727,26.274999618530273,813800,26.420000076293945,26.420000076293945,22.71323013305664
12-01-2010,25.674999237060547,26.3700008392334,1013000,26.375,25.719999313354492,22.111446380615234
13-01-2010,25.854999542236328,26.020000457763672,1877800,26.239999771118164,26.100000381469727,22.438127517700195
14-01-2010,26.049999237060547,26.065000534057617,998400,26.299999237060547,26.280000686645508,22.592880249023438
15-01-2010,25.940000534057617,26.280000686645508,734400,26.299999237060547,26.079999923706055,22.42093849182129
19-01-2010,26.05500030517578,26.05500030517578,715600,26.4950008392334,26.459999084472656,22.747617721557617
20-01-2010,26.274999618530273,26.395000457763672,702800,26.6299991607666,26.46500015258789,22.75191879272461
21-01-2010,25.7450008392334,26.485000610351562,879000,26.520000457763672,25.969999313354492,22.326364517211914
22-01-2010,25.93000030517578,26.045000076293945,1376400,26.540000915527344,25.985000610351562,22.339263916015625
25-01-2010,26.030000686645508,26.184999465942383,2314200,26.69499969482422,26.514999389648438,22.794904708862305
26-01-2010,26.434999465942383,26.434999465942383,1674800,26.9950008392334,26.735000610351562,22.984033584594727
27-01-2010,26.100000381469727,26.625,1053800,26.625,26.334999084472656,22.64015769958496
28-01-2010,25.774999618530273,26.325000762939453,927200,26.479999542236328,26.049999237060547,22.395143508911133
29-01-2010,25.56999969482422,26.110000610351562,1082000,26.19499969482422,25.56999969482422,21.982486724853516
01-02-2010,25.4950008392334,25.68000030517578,758200,25.81999969482422,25.735000610351562,22.124338150024414
02-02-2010,25.729999542236328,25.770000457763672,1386400,26.145000457763672,26.104999542236328,22.442424774169922
03-02-2010,25.885000228881836,25.985000610351562,1219200,26.19499969482422,26.079999923706055,22.42093849182129
04-02-2010,25.260000228881836,26.010000228881836,1961200,26.1299991607666,25.46500015258789,21.89221954345703
05-02-2010,26.545000076293945,27.5,4911800,27.7549991607666,27.450000762939453,23.598726272583008
08-02-2010,27.325000762939453,27.59000015258789,2187400,27.6299991607666,27.420000076293945,23.572933197021484
09-02-2010,26.719999313354492,27.600000381469727,1550600,27.600000381469727,27.135000228881836,23.327913284301758
10-02-2010,26.889999389648438,27.149999618530273,687800,27.385000228881836,27.139999389648438,23.332210540771484
11-02-2010,26.954999923706055,27.165000915527344,1822800,27.834999084472656,27.75,23.856630325317383
12-02-2010,27.524999618530273,27.56999969482422,1783400,28.045000076293945,27.989999771118164,24.062957763671875
16-02-2010,27.5,28.059999465942383,1214800,28.059999465942383,27.725000381469727,23.83513832092285
17-02-2010,27.46500015258789,27.594999313354492,1245400,27.93000030517578,27.895000457763672,23.98128318786621
18-02-2010,27.905000686645508,27.905000686645508,2060600,28.770000457763672,28.71500015258789,24.68623924255371
19-02-2010,28.5,28.649999618530273,1791400,28.844999313354492,28.735000610351562,24.703433990478516
22-02-2010,28.575000762939453,28.860000610351562,1537400,29.190000534057617,28.975000381469727,24.909753799438477
23-02-2010,28.43000030517578,28.889999389648438,957000,28.950000762939453,28.469999313354492,24.475608825683594
24-02-2010,28.290000915527344,28.469999313354492,834200,28.770000457763672,28.760000228881836,24.724924087524414
25-02-2010,28.299999237060547,28.524999618530273,835800,28.799999237060547,28.770000457763672,24.733524322509766
26-02-2010,28.440000534057617,28.7549991607666,1473800,28.790000915527344,28.540000915527344,24.535795211791992
01-03-2010,28.540000915527344,28.665000915527344,643200,29.114999771118164,29.084999084472656,25.004323959350586
02-03-2010,29.174999237060547,29.204999923706055,1153600,29.770000457763672,29.450000762939453,25.318119049072266
03-03-2010,29.44499969482422,29.549999237060547,758000,29.709999084472656,29.6299991607666,25.47286605834961
04-03-2010,29.399999618530273,29.690000534057617,682200,29.690000534057617,29.545000076293945,25.39978790283203
05-03-2010,29.299999237060547,29.600000381469727,588000,29.75,29.75,25.576032638549805
08-03-2010,29.510000228881836,29.80500030517578,653400,29.80500030517578,29.59000015258789,25.438478469848633
09-03-2010,29.399999618530273,29.469999313354492,596800,29.790000915527344,29.68000030517578,25.515850067138672
10-03-2010,29.78499984741211,29.78499984741211,1865800,30.31999969482422,30.09000015258789,25.868330001831055
11-03-2010,30.0,30.18000030517578,1147000,30.329999923706055,30.31999969482422,26.066055297851562
12-03-2010,29.975000381469727,30.40999984741211,540200,30.420000076293945,30.344999313354492,26.087539672851562
15-03-2010,30.100000381469727,30.235000610351562,447800,30.350000381469727,30.315000534057617,26.061750411987305
16-03-2010,30.31999969482422,30.354999542236328,526000,30.549999237060547,30.5,26.22079849243164
17-03-2010,30.565000534057617,30.565000534057617,807600,30.94499969482422,30.899999618530273,26.564680099487305
18-03-2010,30.649999618530273,30.780000686645508,1213400,31.399999618530273,31.350000381469727,26.951541900634766
19-03-2010,30.954999923706055,31.09000015258789,1766600,31.31999969482422,31.09000015258789,26.7280216217041
22-03-2010,30.780000686645508,30.895000457763672,663200,31.440000534057617,31.21500015258789,26.835479736328125
23-03-2010,31.09000015258789,31.315000534057617,487800,31.46500015258789,31.415000915527344,27.007421493530273
24-03-2010,31.3700008392334,31.3700008392334,959200,31.75,31.704999923706055,27.25674057006836
25-03-2010,31.594999313354492,31.75,713800,32.025001525878906,31.594999313354492,27.162166595458984
26-03-2010,31.399999618530273,31.625,473200,31.7549991607666,31.479999542236328,27.063304901123047
29-03-2010,31.454999923706055,31.614999771118164,445600,31.829999923706055,31.7450008392334,27.291128158569336
30-03-2010,31.665000915527344,31.829999923706055,474400,32.0,31.934999465942383,27.454469680786133
31-03-2010,31.6200008392334,31.6200008392334,617200,32.025001525878906,31.825000762939453,27.359895706176758
01-04-2010,31.530000686645508,31.8700008392334,720200,31.94499969482422,31.864999771118164,27.394287109375
05-04-2010,31.665000915527344,31.985000610351562,704400,32.07500076293945,31.78499984741211,27.325510025024414
06-04-2010,31.43000030517578,31.885000228881836,1008600,31.905000686645508,31.604999542236328,27.170766830444336
07-04-2010,31.100000381469727,31.59000015258789,803800,31.649999618530273,31.31999969482422,26.925752639770508
08-04-2010,30.3799991607666,31.190000534057617,1838000,31.395000457763672,30.690000534057617,26.3841495513916
09-04-2010,30.56999969482422,30.6299991607666,965800,30.809999465942383,30.790000915527344,26.470111846923828
12-04-2010,30.78499984741211,30.875,675000,30.934999465942383,30.799999237060547,26.478710174560547
13-04-2010,30.729999542236328,30.78499984741211,873800,31.0049991607666,30.950000762939453,26.607666015625
14-04-2010,30.94499969482422,31.075000762939453,960000,31.149999618530273,31.075000762939453,26.71512794494629
15-04-2010,30.950000762939453,31.075000762939453,1039600,31.219999313354492,30.969999313354492,26.624858856201172
16-04-2010,30.665000915527344,31.049999237060547,903800,31.19499969482422,30.809999465942383,26.487302780151367
19-04-2010,30.665000915527344,30.69499969482422,590800,30.975000381469727,30.934999465942383,26.594770431518555
20-04-2010,31.229999542236328,31.229999542236328,1162000,31.905000686645508,31.770000457763672,27.312620162963867
21-04-2010,31.434999465942383,32.10499954223633,989600,32.27000045776367,31.670000076293945,27.22664451599121
22-04-2010,31.4950008392334,31.68000030517578,1112000,31.8799991607666,31.875,27.402889251708984
23-04-2010,31.579999923706055,31.764999389648438,454400,31.924999237060547,31.80500030517578,27.342708587646484
26-04-2010,31.514999389648438,31.850000381469727,463000,32.09000015258789,31.604999542236328,27.170766830444336
27-04-2010,30.440000534057617,31.25,1178400,31.25,30.469999313354492,26.195009231567383
28-04-2010,30.40999984741211,30.520000457763672,1236000,31.405000686645508,30.989999771118164,26.642045974731445
29-04-2010,30.825000762939453,30.954999923706055,1419600,31.735000610351562,30.844999313354492,26.517393112182617
30-04-2010,32.9900016784668,32.9900016784668,6215400,35.32500076293945,34.21500015258789,29.41457176208496
03-05-2010,33.20000076293945,34.0,2189600,34.35499954223633,34.34000015258789,29.522045135498047
04-05-2010,33.42499923706055,33.73500061035156,1499000,33.939998626708984,33.85499954223633,29.105091094970703
05-05-2010,33.53499984741211,33.619998931884766,1165600,33.97999954223633,33.79499816894531,29.05350685119629
06-05-2010,32.005001068115234,33.775001525878906,2104400,33.790000915527344,32.845001220703125,28.23678970336914
07-05-2010,31.264999389648438,32.599998474121094,2844600,32.599998474121094,31.815000534057617,27.351303100585938
10-05-2010,32.46500015258789,32.51499938964844,1230000,33.28499984741211,33.209999084472656,28.550580978393555
11-05-2010,32.75,32.79999923706055,2029600,34.15999984741211,33.78499984741211,29.044904708862305
12-05-2010,33.66999816894531,33.939998626708984,1216000,34.48500061035156,34.3849983215332,29.56072425842285
13-05-2010,34.1150016784668,34.1150016784668,1118400,34.744998931884766,34.40999984741211,29.58222007751465
14-05-2010,33.98500061035156,34.3849983215332,1121400,34.60499954223633,34.14500045776367,29.35439682006836
17-05-2010,33.849998474121094,34.165000915527344,926600,34.3849983215332,34.36000061035156,29.53923988342285
18-05-2010,33.1349983215332,33.8650016784668,1450800,33.915000915527344,33.220001220703125,28.55917739868164
19-05-2010,31.795000076293945,32.2400016784668,2571400,32.665000915527344,32.35499954223633,27.8155460357666
20-05-2010,30.604999542236328,31.399999618530273,2676400,31.670000076293945,31.280000686645508,26.891361236572266
21-05-2010,29.645000457763672,29.979999542236328,2299400,30.915000915527344,30.565000534057617,26.276676177978516
24-05-2010,30.139999389648438,30.200000762939453,2131200,31.524999618530273,31.049999237060547,26.693635940551758
25-05-2010,29.440000534057617,29.950000762939453,1777000,31.045000076293945,31.0049991607666,26.65494728088379
26-05-2010,30.549999237060547,31.0,2199000,31.549999237060547,30.56999969482422,26.280982971191406
27-05-2010,30.989999771118164,30.989999771118164,1051400,31.8799991607666,31.864999771118164,27.394287109375
28-05-2010,31.434999465942383,31.7549991607666,1570600,31.899999618530273,31.44499969482422,27.033214569091797
01-06-2010,31.40999984741211,31.40999984741211,1442000,32.349998474121094,31.649999618530273,27.209453582763672
02-06-2010,31.645000457763672,31.795000076293945,702000,32.5,32.4900016784668,27.931608200073242
03-06-2010,32.41999816894531,32.41999816894531,1074800,32.994998931884766,32.7599983215332,28.163715362548828
04-06-2010,32.10499954223633,32.42499923706055,1408200,32.875,32.21500015258789,27.695180892944336
07-06-2010,31.43000030517578,32.22999954223633,1394600,32.22999954223633,31.469999313354492,27.05470848083496
08-06-2010,30.834999084472656,31.334999084472656,1101000,31.450000762939453,31.415000915527344,27.007421493530273
09-06-2010,31.19499969482422,31.610000610351562,965200,31.920000076293945,31.344999313354492,26.947246551513672
10-06-2010,31.43000030517578,31.56999969482422,691400,31.899999618530273,31.829999923706055,27.36419677734375
11-06-2010,31.530000686645508,31.635000228881836,666600,32.2599983215332,32.189998626708984,27.673690795898438
14-06-2010,32.39500045776367,32.44499969482422,693400,32.849998474121094,32.560001373291016,27.991788864135742
15-06-2010,32.165000915527344,32.619998931884766,955400,33.07500076293945,33.04499816894531,28.40872573852539
16-06-2010,32.689998626708984,32.7599983215332,991800,33.0,32.72999954223633,28.137924194335938
17-06-2010,32.165000915527344,32.84000015258789,950000,32.84000015258789,32.349998474121094,27.81123924255371
18-06-2010,31.59000015258789,32.20500183105469,1505800,32.25,31.684999465942383,27.239540100097656
21-06-2010,31.665000915527344,31.985000610351562,934200,32.38999938964844,31.825000762939453,27.359895706176758
22-06-2010,31.59000015258789,31.934999465942383,1216200,32.31999969482422,31.639999389648438,27.200857162475586
23-06-2010,30.7549991607666,31.639999389648438,1313600,31.639999389648438,30.975000381469727,26.6291561126709
24-06-2010,30.625,30.94499969482422,1543200,31.110000610351562,30.69499969482422,26.388437271118164
25-06-2010,30.53499984741211,30.834999084472656,1342600,31.0,30.844999313354492,26.517393112182617
28-06-2010,30.559999465942383,30.725000381469727,611800,31.145000457763672,30.81999969482422,26.495906829833984
29-06-2010,30.139999389648438,30.635000228881836,998600,30.7549991607666,30.264999389648438,26.018768310546875
30-06-2010,30.260000228881836,30.260000228881836,1018600,30.90999984741211,30.405000686645508,26.13913917541504
01-07-2010,29.31999969482422,30.2549991607666,1692800,30.2549991607666,29.80500030517578,25.62331199645996
02-07-2010,29.959999084472656,29.979999542236328,1488800,30.864999771118164,30.584999084472656,26.293872833251953
06-07-2010,30.68000030517578,31.0,1117600,31.3700008392334,30.975000381469727,26.6291561126709
07-07-2010,30.924999237060547,30.934999465942383,830600,32.060001373291016,32.0099983215332,27.518945693969727
08-07-2010,32.14500045776367,32.279998779296875,1215000,32.5,32.5,27.940196990966797
09-07-2010,32.35499954223633,32.48500061035156,598200,32.625,32.46500015258789,27.910110473632812
12-07-2010,32.1349983215332,32.29499816894531,871600,32.834999084472656,32.67499923706055,28.090639114379883
13-07-2010,32.79499816894531,32.970001220703125,1165400,33.189998626708984,33.1150016784668,28.468914031982422
14-07-2010,32.834999084472656,32.8849983215332,812000,33.40999984741211,33.404998779296875,28.718231201171875
15-07-2010,33.154998779296875,33.349998474121094,882800,33.474998474121094,33.41999816894531,28.73111915588379
16-07-2010,33.05500030517578,33.29499816894531,1694800,33.334999084472656,33.22999954223633,28.56777000427246
19-07-2010,32.125,33.11000061035156,1089600,33.1349983215332,32.35499954223633,27.8155460357666
20-07-2010,31.6299991607666,32.04999923706055,734600,32.380001068115234,32.33000183105469,27.79405403137207
21-07-2010,31.520000457763672,32.4900016784668,979600,32.4900016784668,31.594999313354492,27.162166595458984
22-07-2010,31.68000030517578,31.885000228881836,629600,32.29499816894531,32.14500045776367,27.635005950927734
23-07-2010,32.005001068115234,32.005001068115234,642400,32.880001068115234,32.84000015258789,28.23249053955078
26-07-2010,32.05500030517578,32.459999084472656,1059800,32.619998931884766,32.345001220703125,27.806943893432617
27-07-2010,31.915000915527344,32.38999938964844,674600,32.45500183105469,31.9950008392334,27.506052017211914
28-07-2010,31.815000534057617,32.060001373291016,595800,32.119998931884766,31.895000457763672,27.42007827758789
29-07-2010,31.860000610351562,32.130001068115234,954000,32.2599983215332,32.0,27.510347366333008
30-07-2010,32.35499954223633,32.35499954223633,1159200,33.130001068115234,32.845001220703125,28.23678970336914
02-08-2010,33.0,33.22999954223633,1297600,33.52000045776367,33.470001220703125,28.774106979370117
03-08-2010,33.290000915527344,33.310001373291016,952200,34.084999084472656,33.69499969482422,28.967540740966797
04-08-2010,33.46500015258789,33.72999954223633,1005000,34.08000183105469,33.845001220703125,29.09649658203125
05-08-2010,33.6150016784668,33.75,623000,34.125,34.01499938964844,29.24264144897461
06-08-2010,32.04499816894531,33.029998779296875,2186200,33.029998779296875,32.4900016784668,27.931608200073242
09-08-2010,32.435001373291016,32.685001373291016,942200,32.834999084472656,32.755001068115234,28.159427642822266
10-08-2010,31.895000457763672,32.55500030517578,1456000,32.55500030517578,32.130001068115234,27.622112274169922
11-08-2010,31.3799991607666,31.3799991607666,1055000,31.989999771118164,31.665000915527344,27.222354888916016
12-08-2010,30.905000686645508,31.420000076293945,1154400,31.420000076293945,31.045000076293945,26.6893367767334
13-08-2010,30.895000457763672,30.989999771118164,670600,31.65999984741211,31.375,26.973039627075195
16-08-2010,31.059999465942383,31.25,477800,31.424999237060547,31.405000686645508,26.99883270263672
17-08-2010,31.454999923706055,31.53499984741211,888600,32.33000183105469,32.095001220703125,27.59202003479004
18-08-2010,31.7450008392334,31.989999771118164,860800,32.25,31.790000915527344,27.329816818237305
19-08-2010,31.364999771118164,31.760000228881836,1185200,32.165000915527344,31.71500015258789,27.265329360961914
20-08-2010,30.9950008392334,31.594999313354492,547400,31.639999389648438,31.385000228881836,26.98163414001465
23-08-2010,31.354999542236328,31.579999923706055,362600,31.934999465942383,31.354999542236328,26.955842971801758
24-08-2010,30.375,31.010000228881836,976400,31.010000228881836,30.43000030517578,26.16062355041504
25-08-2010,29.764999389648438,30.315000534057617,1184600,30.44499969482422,30.334999084472656,26.078950881958008
26-08-2010,29.864999771118164,30.31999969482422,827200,30.475000381469727,29.875,25.683486938476562
27-08-2010,29.81999969482422,29.975000381469727,557400,30.649999618530273,30.594999313354492,26.302471160888672
30-08-2010,30.149999618530273,30.5049991607666,1123600,30.594999313354492,30.190000534057617,25.95429229736328
31-08-2010,29.670000076293945,30.030000686645508,975900,30.3700008392334,30.139999389648438,25.91130256652832
01-09-2010,30.469999313354492,30.469999313354492,867100,31.0,30.829999923706055,26.504501342773438
02-09-2010,30.780000686645508,30.780000686645508,621500,31.510000228881836,31.489999771118164,27.0718994140625
03-09-2010,31.700000762939453,31.75,747000,32.290000915527344,32.22999954223633,27.70807647705078
07-09-2010,31.799999237060547,32.459999084472656,577400,32.63999938964844,32.04999923706055,27.553333282470703
08-09-2010,31.65999984741211,32.099998474121094,421400,32.18000030517578,31.690000534057617,27.24384307861328
09-09-2010,31.8700008392334,31.8700008392334,500900,32.41999816894531,32.369998931884766,27.82843589782715
10-09-2010,32.2400016784668,32.380001068115234,338100,32.43000030517578,32.310001373291016,27.776857376098633
13-09-2010,32.58000183105469,32.58000183105469,540800,33.189998626708984,33.060001373291016,28.421630859375
14-09-2010,32.75,32.939998626708984,481800,33.20000076293945,33.099998474121094,28.45601463317871
15-09-2010,33.0,33.06999969482422,665400,33.599998474121094,33.43000030517578,28.739717483520508
16-09-2010,33.16999816894531,33.20000076293945,541800,33.43000030517578,33.27000045776367,28.6021671295166
17-09-2010,32.959999084472656,33.15999984741211,704800,33.290000915527344,33.060001373291016,28.421630859375
20-09-2010,33.040000915527344,33.18000030517578,1009800,33.27000045776367,33.15999984741211,28.50758934020996
21-09-2010,32.18000030517578,33.18000030517578,1781600,33.25,32.41999816894531,27.871421813964844
22-09-2010,32.29999923706055,32.439998626708984,772700,33.0,32.61000061035156,28.03476905822754
23-09-2010,32.25,32.400001525878906,544800,32.66999816894531,32.349998474121094,27.81123924255371
24-09-2010,32.439998626708984,32.709999084472656,722300,32.91999816894531,32.83000183105469,28.223901748657227
27-09-2010,32.27000045776367,32.72999954223633,750900,33.060001373291016,32.86000061035156,28.249698638916016
28-09-2010,32.52000045776367,32.900001525878906,706600,33.02000045776367,32.93000030517578,28.30986213684082
29-09-2010,31.959999084472656,32.7599983215332,1243500,32.7599983215332,32.220001220703125,27.699478149414062
30-09-2010,32.65999984741211,32.72999954223633,1244000,33.09000015258789,32.810001373291016,28.206701278686523
01-10-2010,32.5099983215332,33.0,662600,33.02000045776367,32.83000183105469,28.223901748657227
04-10-2010,32.279998779296875,32.83000183105469,448600,32.869998931884766,32.43000030517578,27.88001823425293
05-10-2010,32.650001525878906,32.650001525878906,665000,33.209999084472656,33.130001068115234,28.4818058013916
06-10-2010,33.15999984741211,33.2400016784668,648400,33.459999084472656,33.2400016784668,28.576379776000977
07-10-2010,32.59000015258789,33.33000183105469,348500,33.33000183105469,32.709999084472656,28.1207332611084
08-10-2010,32.43000030517578,32.650001525878906,722900,33.029998779296875,32.65999984741211,28.077749252319336
11-10-2010,32.36000061035156,32.65999984741211,670900,32.66999816894531,32.400001525878906,27.85422134399414
12-10-2010,31.8799991607666,32.31999969482422,359800,32.43000030517578,32.27000045776367,27.74246597290039
13-10-2010,31.670000076293945,32.369998931884766,2214900,32.369998931884766,31.709999084472656,27.261032104492188
14-10-2010,31.600000381469727,31.809999465942383,929200,31.889999389648438,31.68000030517578,27.235239028930664
15-10-2010,31.350000381469727,32.04999923706055,1552000,32.29999923706055,31.59000015258789,27.157873153686523
18-10-2010,31.329999923706055,31.530000686645508,1930000,31.75,31.450000762939453,27.037517547607422
19-10-2010,30.420000076293945,30.979999542236328,2869100,31.260000228881836,30.510000228881836,26.22939682006836
20-10-2010,30.600000381469727,30.65999984741211,2133900,30.979999542236328,30.940000534057617,26.59906768798828
21-10-2010,31.09000015258789,31.09000015258789,1077100,31.75,31.360000610351562,26.960140228271484
22-10-2010,31.31999969482422,31.350000381469727,559300,31.780000686645508,31.59000015258789,27.157873153686523
25-10-2010,31.420000076293945,31.670000076293945,1305300,32.11000061035156,31.420000076293945,27.01173210144043
26-10-2010,31.100000381469727,31.299999237060547,889900,31.940000534057617,31.5,27.08049774169922
27-10-2010,31.670000076293945,31.760000228881836,1521300,32.13999938964844,32.099998474121094,27.5963134765625
28-10-2010,32.0099983215332,32.41999816894531,1975700,32.52000045776367,32.0099983215332,27.518945693969727
29-10-2010,31.6299991607666,33.27000045776367,3005200,33.5,31.8700008392334,27.398582458496094
01-11-2010,31.149999618530273,32.02000045776367,1892400,32.25,31.389999389648438,26.985931396484375
02-11-2010,31.260000228881836,31.510000228881836,707600,31.709999084472656,31.56999969482422,27.14068031311035
03-11-2010,31.469999313354492,31.600000381469727,927000,32.040000915527344,31.989999771118164,27.50174903869629
04-11-2010,32.439998626708984,32.54999923706055,969900,32.7400016784668,32.70000076293945,28.11213493347168
05-11-2010,32.720001220703125,32.72999954223633,1035500,33.400001525878906,33.400001525878906,28.71392822265625
08-11-2010,32.7400016784668,33.11000061035156,702400,33.13999938964844,33.130001068115234,28.4818058013916
09-11-2010,32.880001068115234,33.11000061035156,1112900,33.4900016784668,32.97999954223633,28.352855682373047
10-11-2010,33.029998779296875,33.099998474121094,784700,33.5,33.43000030517578,28.739717483520508
11-11-2010,33.2599983215332,33.2599983215332,970200,33.849998474121094,33.70000076293945,28.971832275390625
12-11-2010,33.18000030517578,33.45000076293945,813400,33.81999969482422,33.33000183105469,28.653749465942383
15-11-2010,33.41999816894531,33.43000030517578,745600,33.72999954223633,33.439998626708984,28.748313903808594
16-11-2010,32.36000061035156,33.150001525878906,740700,33.18000030517578,32.779998779296875,28.18091583251953
17-11-2010,32.529998779296875,32.77000045776367,451300,33.0,32.7599983215332,28.163715362548828
18-11-2010,32.599998474121094,32.959999084472656,544700,33.02000045776367,32.779998779296875,28.18091583251953
19-11-2010,32.599998474121094,32.790000915527344,478800,32.939998626708984,32.650001525878906,28.06915283203125
22-11-2010,31.989999771118164,32.2400016784668,1992300,32.63999938964844,32.29999923706055,27.768253326416016
23-11-2010,31.790000915527344,31.979999542236328,1488400,32.04999923706055,31.899999618530273,27.42437744140625
24-11-2010,32.04999923706055,32.099998474121094,558400,32.68000030517578,32.58000183105469,28.008974075317383
26-11-2010,31.770000457763672,31.93000030517578,328700,32.310001373291016,32.18000030517578,27.66509246826172
29-11-2010,31.649999618530273,32.13999938964844,1407400,32.540000915527344,32.40999984741211,27.862823486328125
30-11-2010,31.889999389648438,32.220001220703125,1190400,32.22999954223633,31.950000762939453,27.467361450195312
01-12-2010,32.279998779296875,32.36000061035156,1094300,32.880001068115234,32.880001068115234,28.266883850097656
02-12-2010,32.79999923706055,32.79999923706055,814200,33.47999954223633,33.439998626708984,28.748313903808594
03-12-2010,33.33000183105469,33.349998474121094,1191900,33.86000061035156,33.540000915527344,28.83428192138672
06-12-2010,32.959999084472656,33.38999938964844,710900,33.470001220703125,33.400001525878906,28.71392822265625
07-12-2010,33.0099983215332,33.630001068115234,966700,33.630001068115234,33.119998931884766,28.473209381103516
08-12-2010,32.970001220703125,33.13999938964844,589000,33.310001373291016,33.130001068115234,28.4818058013916
09-12-2010,33.2400016784668,33.380001068115234,533600,33.529998779296875,33.36000061035156,28.679534912109375
10-12-2010,32.97999954223633,33.43000030517578,850800,33.43000030517578,33.369998931884766,28.68813705444336
13-12-2010,33.2599983215332,33.349998474121094,657100,33.689998626708984,33.380001068115234,28.696733474731445
14-12-2010,33.29999923706055,33.29999923706055,1388000,34.709999084472656,34.529998779296875,29.685382843017578
15-12-2010,34.58000183105469,34.59000015258789,1156400,35.0,34.849998474121094,29.960487365722656
16-12-2010,34.59000015258789,34.880001068115234,1058400,34.959999084472656,34.779998779296875,29.900312423706055
17-12-2010,34.77000045776367,34.810001373291016,1710200,35.650001525878906,35.56999969482422,30.579471588134766
20-12-2010,35.189998626708984,35.400001525878906,604300,35.68000030517578,35.2400016784668,30.2957763671875
21-12-2010,35.0099983215332,35.290000915527344,703700,35.38999938964844,35.11000061035156,30.184005737304688
22-12-2010,35.2400016784668,35.349998474121094,802500,35.849998474121094,35.61000061035156,30.613861083984375
23-12-2010,35.459999084472656,35.70000076293945,458800,35.900001525878906,35.599998474121094,30.60526466369629
27-12-2010,35.290000915527344,35.47999954223633,256700,35.599998474121094,35.29999923706055,30.347352981567383
28-12-2010,34.779998779296875,35.29999923706055,421300,35.29999923706055,35.15999984741211,30.227005004882812
29-12-2010,34.95000076293945,35.33000183105469,482700,35.43000030517578,35.060001373291016,30.141027450561523
30-12-2010,35.15999984741211,35.16999816894531,414000,35.75,35.41999816894531,30.450519561767578
31-12-2010,34.61000061035156,35.310001373291016,526400,35.380001068115234,34.63999938964844,29.779945373535156
03-01-2011,34.79999923706055,34.95000076293945,701100,35.119998931884766,35.02000045776367,30.106637954711914
04-01-2011,34.849998474121094,35.16999816894531,806900,35.36000061035156,35.279998779296875,30.330163955688477
05-01-2011,34.369998931884766,35.099998474121094,1101600,35.099998474121094,34.56999969482422,29.719772338867188
06-01-2011,34.36000061035156,34.689998626708984,660100,34.900001525878906,34.4900016784668,29.6510066986084
07-01-2011,33.58000183105469,34.459999084472656,1022300,34.459999084472656,33.72999954223633,28.997621536254883
10-01-2011,33.150001525878906,33.400001525878906,1250000,33.47999954223633,33.36000061035156,28.679534912109375
11-01-2011,32.540000915527344,33.400001525878906,2009400,33.41999816894531,32.65999984741211,28.077749252319336
12-01-2011,32.7599983215332,32.95000076293945,1400200,33.16999816894531,33.16999816894531,28.516193389892578
13-01-2011,32.2599983215332,32.7599983215332,1451100,33.060001373291016,33.029998779296875,28.395841598510742
14-01-2011,32.790000915527344,33.0,915400,33.189998626708984,32.9900016784668,28.361454010009766
18-01-2011,32.84000015258789,32.84000015258789,947800,33.29999923706055,33.22999954223633,28.56777000427246
19-01-2011,32.45000076293945,33.15999984741211,1062600,33.400001525878906,32.58000183105469,28.008974075317383
20-01-2011,31.829999923706055,32.400001525878906,1540600,32.400001525878906,32.08000183105469,27.57912826538086
21-01-2011,31.829999923706055,32.25,1160100,32.25,32.0,27.510347366333008
24-01-2011,31.969999313354492,32.09000015258789,1744900,32.45000076293945,32.22999954223633,27.70807647705078
25-01-2011,31.760000228881836,32.099998474121094,2287200,32.189998626708984,31.920000076293945,27.441574096679688
26-01-2011,31.75,32.08000183105469,2262200,32.27000045776367,32.0099983215332,27.518945693969727
27-01-2011,31.959999084472656,31.989999771118164,2243700,33.380001068115234,33.04999923706055,28.413028717041016
28-01-2011,30.770000457763672,31.190000534057617,4593500,32.150001525878906,31.079999923706055,26.71942710876465
31-01-2011,31.170000076293945,31.610000610351562,2731300,31.899999618530273,31.489999771118164,27.0718994140625
01-02-2011,30.260000228881836,30.670000076293945,5478900,31.239999771118164,30.770000457763672,26.45292091369629
02-02-2011,30.760000228881836,30.799999237060547,2063100,31.6200008392334,31.520000457763672,27.097692489624023
03-02-2011,31.5,31.559999465942383,1459900,32.060001373291016,32.0099983215332,27.518945693969727
04-02-2011,31.940000534057617,32.209999084472656,1177700,32.38999938964844,32.20000076293945,27.68229103088379
07-02-2011,32.150001525878906,32.209999084472656,861600,32.689998626708984,32.380001068115234,27.83704376220703
08-02-2011,32.349998474121094,32.5,993400,32.709999084472656,32.63999938964844,28.06055450439453
09-02-2011,32.189998626708984,32.4900016784668,864500,32.5,32.27000045776367,27.74246597290039
10-02-2011,32.11000061035156,32.11000061035156,943400,32.40999984741211,32.279998779296875,27.75105857849121
11-02-2011,31.969999313354492,32.15999984741211,976400,32.459999084472656,32.41999816894531,27.871421813964844
14-02-2011,31.829999923706055,32.29999923706055,992900,32.29999923706055,32.130001068115234,27.622112274169922
15-02-2011,32.150001525878906,32.15999984741211,921600,32.599998474121094,32.349998474121094,27.81123924255371
16-02-2011,32.45000076293945,32.5,939200,32.869998931884766,32.72999954223633,28.137924194335938
17-02-2011,32.4900016784668,32.650001525878906,699000,32.880001068115234,32.72999954223633,28.137924194335938
18-02-2011,32.630001068115234,32.650001525878906,447500,32.93000030517578,32.84000015258789,28.23249053955078
22-02-2011,31.899999618530273,32.459999084472656,809400,32.459999084472656,31.989999771118164,27.50174903869629
23-02-2011,31.309999465942383,31.969999313354492,829700,32.040000915527344,31.479999542236328,27.063304901123047
24-02-2011,30.90999984741211,31.399999618530273,1168500,31.56999969482422,31.100000381469727,26.73661994934082
25-02-2011,30.959999084472656,31.100000381469727,893700,31.459999084472656,31.459999084472656,27.046110153198242
28-02-2011,31.469999313354492,31.479999542236328,714300,31.739999771118164,31.600000381469727,27.166471481323242
01-03-2011,31.25,31.700000762939453,819200,31.889999389648438,31.469999313354492,27.05470848083496
02-03-2011,31.219999313354492,31.350000381469727,945300,31.8700008392334,31.65999984741211,27.218046188354492
03-03-2011,31.860000610351562,31.899999618530273,828800,32.619998931884766,32.529998779296875,27.965986251831055
04-03-2011,31.75,32.33000183105469,810400,32.369998931884766,31.940000534057617,27.458765029907227
07-03-2011,31.700000762939453,32.02000045776367,1071400,32.11000061035156,31.790000915527344,27.329816818237305
08-03-2011,31.530000686645508,31.860000610351562,720400,32.22999954223633,32.150001525878906,27.639301300048828
09-03-2011,31.280000686645508,31.65999984741211,1077300,31.84000015258789,31.440000534057617,27.0289249420166
10-03-2011,30.799999237060547,31.06999969482422,680100,31.18000030517578,30.959999084472656,26.616262435913086
11-03-2011,30.719999313354492,30.8799991607666,535900,31.239999771118164,31.139999389648438,26.771007537841797
14-03-2011,30.530000686645508,30.90999984741211,679500,31.100000381469727,30.6299991607666,26.332555770874023
15-03-2011,29.6200008392334,29.709999084472656,813900,30.229999542236328,30.06999969482422,25.851133346557617
16-03-2011,29.790000915527344,29.979999542236328,1072300,30.190000534057617,29.889999389648438,25.696386337280273
17-03-2011,30.079999923706055,30.239999771118164,1005000,30.3799991607666,30.18000030517578,25.94569969177246
18-03-2011,30.0,30.309999465942383,1015700,30.610000610351562,30.079999923706055,25.859724044799805
21-03-2011,30.280000686645508,30.40999984741211,721900,30.8700008392334,30.530000686645508,26.24658966064453
22-03-2011,30.389999389648438,30.459999084472656,662500,30.639999389648438,30.459999084472656,26.18640899658203
23-03-2011,29.540000915527344,30.329999923706055,1280700,30.329999923706055,29.719999313354492,25.55023193359375
24-03-2011,29.239999771118164,29.760000228881836,1517700,29.829999923706055,29.68000030517578,25.515850067138672
25-03-2011,29.649999618530273,29.690000534057617,674200,30.280000686645508,30.049999237060547,25.833932876586914
28-03-2011,30.010000228881836,30.149999618530273,918600,30.260000228881836,30.030000686645508,25.81673812866211
29-03-2011,29.90999984741211,29.969999313354492,955500,30.309999465942383,30.09000015258789,25.868330001831055
30-03-2011,29.90999984741211,30.1200008392334,857800,30.209999084472656,29.950000762939453,25.747968673706055
31-03-2011,29.799999237060547,29.920000076293945,864400,30.09000015258789,30.0,25.790952682495117
01-04-2011,29.729999542236328,30.219999313354492,1085000,30.219999313354492,29.829999923706055,25.644804000854492
04-04-2011,29.459999084472656,29.899999618530273,1105600,29.989999771118164,29.6200008392334,25.464265823364258
05-04-2011,29.450000762939453,29.520000457763672,1353300,30.06999969482422,30.030000686645508,25.81673812866211
06-04-2011,30.540000915527344,30.549999237060547,1492900,31.450000762939453,31.18000030517578,26.805400848388672
07-04-2011,30.93000030517578,31.1299991607666,925900,31.290000915527344,31.0,26.650646209716797
08-04-2011,31.170000076293945,31.209999084472656,1047300,31.440000534057617,31.290000915527344,26.899967193603516
11-04-2011,31.209999084472656,31.350000381469727,653000,31.520000457763672,31.40999984741211,27.003124237060547
12-04-2011,31.200000762939453,31.309999465942383,1151000,31.75,31.75,27.29542350769043
13-04-2011,31.959999084472656,32.060001373291016,2069500,32.2599983215332,32.20000076293945,27.68229103088379
14-04-2011,31.979999542236328,32.20000076293945,1442000,32.400001525878906,32.310001373291016,27.776857376098633
15-04-2011,32.29999923706055,32.31999969482422,786200,32.689998626708984,32.58000183105469,28.008974075317383
18-04-2011,32.400001525878906,32.5099983215332,1545800,32.7400016784668,32.65999984741211,28.077749252319336
19-04-2011,32.540000915527344,32.630001068115234,748700,32.810001373291016,32.810001373291016,28.206701278686523
20-04-2011,32.97999954223633,33.0,639300,33.2400016784668,33.20000076293945,28.541982650756836
21-04-2011,33.220001220703125,33.25,491500,33.63999938964844,33.459999084472656,28.765504837036133
25-04-2011,32.970001220703125,33.380001068115234,387400,33.439998626708984,33.150001525878906,28.498998641967773
26-04-2011,33.20000076293945,33.290000915527344,533000,33.72999954223633,33.4900016784668,28.79129409790039
27-04-2011,33.43000030517578,33.529998779296875,697800,33.91999816894531,33.91999816894531,29.160964965820312
28-04-2011,33.52000045776367,33.59000015258789,1222900,33.88999938964844,33.61000061035156,28.894458770751953
29-04-2011,31.149999618530273,32.2599983215332,3132200,32.38999938964844,31.889999389648438,27.41577911376953
02-05-2011,31.770000457763672,31.84000015258789,1177200,32.11000061035156,32.0,27.510347366333008
03-05-2011,31.81999969482422,31.889999389648438,836400,32.0,31.940000534057617,27.458765029907227
04-05-2011,31.709999084472656,31.90999984741211,813000,32.04999923706055,31.709999084472656,27.261032104492188
05-05-2011,31.40999984741211,31.479999542236328,832800,31.989999771118164,31.739999771118164,27.28683090209961
06-05-2011,32.08000183105469,32.2599983215332,1126400,32.5,32.29999923706055,27.768253326416016
09-05-2011,32.11000061035156,32.209999084472656,981600,32.38999938964844,32.220001220703125,27.699478149414062
10-05-2011,32.150001525878906,32.22999954223633,485200,32.5099983215332,32.5,27.940196990966797
11-05-2011,32.040000915527344,32.40999984741211,496300,32.5,32.209999084472656,27.690885543823242
12-05-2011,31.84000015258789,32.15999984741211,573000,32.470001220703125,32.45000076293945,27.8972110748291
13-05-2011,31.149999618530273,32.27000045776367,1785000,32.29999923706055,31.520000457763672,27.097692489624023
16-05-2011,31.200000762939453,31.350000381469727,1101500,31.549999237060547,31.450000762939453,27.037517547607422
17-05-2011,31.1200008392334,31.40999984741211,594000,31.459999084472656,31.459999084472656,27.046110153198242
18-05-2011,31.360000610351562,31.68000030517578,1249000,31.860000610351562,31.510000228881836,27.08910369873047
19-05-2011,31.6200008392334,31.729999542236328,2262600,31.950000762939453,31.709999084472656,27.261032104492188
20-05-2011,31.270000457763672,31.670000076293945,854100,31.719999313354492,31.329999923706055,26.934349060058594
23-05-2011,30.520000457763672,30.940000534057617,663300,30.940000534057617,30.739999771118164,26.427125930786133
24-05-2011,30.719999313354492,30.850000381469727,1550000,31.43000030517578,31.15999984741211,26.78820037841797
25-05-2011,30.969999313354492,31.139999389648438,820300,31.440000534057617,31.350000381469727,26.951541900634766
26-05-2011,31.579999923706055,31.6299991607666,1263800,32.06999969482422,32.029998779296875,27.5361385345459
27-05-2011,32.040000915527344,32.310001373291016,1035100,32.540000915527344,32.08000183105469,27.57912826538086
31-05-2011,31.899999618530273,32.099998474121094,814300,32.349998474121094,32.20000076293945,27.68229103088379
01-06-2011,31.459999084472656,32.18000030517578,802200,32.29999923706055,31.520000457763672,27.097692489624023
02-06-2011,31.110000610351562,31.520000457763672,631900,31.549999237060547,31.43000030517578,27.02032470703125
03-06-2011,31.469999313354492,31.549999237060547,1253900,31.84000015258789,31.770000457763672,27.312620162963867
06-06-2011,31.079999923706055,31.639999389648438,611500,31.75,31.079999923706055,26.71942710876465
07-06-2011,30.81999969482422,31.06999969482422,712400,31.280000686645508,31.110000610351562,26.745216369628906
08-06-2011,30.729999542236328,31.0,819200,31.06999969482422,31.0,26.650646209716797
09-06-2011,30.850000381469727,31.09000015258789,755100,31.09000015258789,30.940000534057617,26.59906768798828
10-06-2011,30.43000030517578,30.780000686645508,583900,30.989999771118164,30.56999969482422,26.280982971191406
13-06-2011,30.34000015258789,30.600000381469727,521200,30.690000534057617,30.59000015258789,26.298171997070312
14-06-2011,30.790000915527344,30.799999237060547,636200,31.360000610351562,31.200000762939453,26.822587966918945
15-06-2011,30.440000534057617,30.959999084472656,762200,31.299999237060547,30.450000762939453,26.177814483642578
16-06-2011,30.31999969482422,30.3799991607666,746800,30.739999771118164,30.68000030517578,26.37554168701172
17-06-2011,30.899999618530273,30.959999084472656,1060700,31.360000610351562,31.020000457763672,26.667848587036133
20-06-2011,31.040000915527344,31.040000915527344,631000,31.5,31.280000686645508,26.891361236572266
21-06-2011,31.540000915527344,31.6200008392334,673300,31.940000534057617,31.8799991607666,27.407180786132812
22-06-2011,30.65999984741211,31.6299991607666,1425400,31.6299991607666,30.700000762939453,26.39274024963379
23-06-2011,29.65999984741211,30.329999923706055,981100,30.399999618530273,30.34000015258789,26.0832462310791
24-06-2011,29.959999084472656,30.350000381469727,819300,30.350000381469727,30.049999237060547,25.833932876586914
27-06-2011,29.8799991607666,29.940000534057617,1080400,30.170000076293945,29.950000762939453,25.747968673706055
28-06-2011,29.959999084472656,30.0,677600,30.350000381469727,30.15999984741211,25.928503036499023
29-06-2011,30.170000076293945,30.280000686645508,731600,30.75,30.639999389648438,26.341156005859375
30-06-2011,30.860000610351562,31.110000610351562,1295600,31.360000610351562,30.950000762939453,26.607666015625
01-07-2011,30.700000762939453,30.770000457763672,1124000,31.030000686645508,31.020000457763672,26.667848587036133
05-07-2011,30.81999969482422,31.020000457763672,607200,31.040000915527344,31.030000686645508,26.676443099975586
06-07-2011,30.690000534057617,30.950000762939453,707900,31.1200008392334,30.989999771118164,26.642045974731445
07-07-2011,30.739999771118164,31.010000228881836,626600,31.010000228881836,30.979999542236328,26.63345718383789
08-07-2011,30.469999313354492,30.65999984741211,431900,30.739999771118164,30.639999389648438,26.341156005859375
11-07-2011,30.1299991607666,30.31999969482422,497500,30.440000534057617,30.190000534057617,25.95429229736328
12-07-2011,30.1299991607666,30.200000762939453,826000,30.829999923706055,30.350000381469727,26.091848373413086
13-07-2011,31.280000686645508,31.290000915527344,2929900,32.47999954223633,32.150001525878906,27.639301300048828
14-07-2011,32.150001525878906,32.18000030517578,5816600,35.31999969482422,33.16999816894531,28.516193389892578
15-07-2011,32.689998626708984,33.2599983215332,1061100,33.2599983215332,33.02000045776367,28.387237548828125
18-07-2011,31.969999313354492,32.84000015258789,908700,32.86000061035156,32.279998779296875,27.75105857849121
19-07-2011,32.130001068115234,32.41999816894531,956000,32.5099983215332,32.349998474121094,27.81123924255371
20-07-2011,32.04999923706055,32.45000076293945,956000,32.5,32.33000183105469,27.79405403137207
21-07-2011,31.8799991607666,32.209999084472656,1602800,32.209999084472656,32.04999923706055,27.553333282470703
22-07-2011,31.940000534057617,32.0,609700,32.18000030517578,31.969999313354492,27.48455810546875
25-07-2011,31.450000762939453,31.65999984741211,1148900,31.780000686645508,31.469999313354492,27.05470848083496
26-07-2011,31.149999618530273,31.510000228881836,666900,31.56999969482422,31.34000015258789,26.942947387695312
27-07-2011,30.59000015258789,31.110000610351562,702500,31.299999237060547,30.6200008392334,26.32396125793457
28-07-2011,30.309999465942383,30.540000915527344,905700,30.68000030517578,30.459999084472656,26.18640899658203
29-07-2011,29.84000015258789,29.979999542236328,1044700,30.549999237060547,30.290000915527344,26.040258407592773
01-08-2011,29.760000228881836,30.549999237060547,1666400,30.649999618530273,30.18000030517578,25.94569969177246
02-08-2011,29.309999465942383,29.780000686645508,994200,29.979999542236328,29.329999923706055,25.214950561523438
03-08-2011,28.75,29.239999771118164,1600400,29.489999771118164,29.389999389648438,25.26654052734375
04-08-2011,28.110000610351562,28.959999084472656,1769700,29.110000610351562,28.1200008392334,24.174720764160156
05-08-2011,28.1200008392334,28.389999389648438,4408100,29.15999984741211,28.170000076293945,24.21770477294922
08-08-2011,25.75,27.709999084472656,2180600,27.709999084472656,25.760000228881836,22.145828247070312
09-08-2011,25.93000030517578,26.389999389648438,2861200,27.290000915527344,27.100000381469727,23.297828674316406
10-08-2011,26.56999969482422,26.75,2333400,27.6299991607666,26.68000030517578,22.936756134033203
11-08-2011,26.649999618530273,26.780000686645508,1444200,28.489999771118164,28.209999084472656,24.25208854675293
12-08-2011,28.139999389648438,28.420000076293945,1240700,28.959999084472656,28.690000534057617,24.664749145507812
15-08-2011,28.90999984741211,28.989999771118164,1202200,29.3799991607666,29.260000228881836,25.15477752685547
16-08-2011,28.899999618530273,28.979999542236328,933500,29.350000381469727,29.110000610351562,25.02582359313965
17-08-2011,28.75,29.399999618530273,818200,29.56999969482422,29.049999237060547,24.9742374420166
18-08-2011,27.3700008392334,28.360000610351562,1302000,28.5,27.549999237060547,23.684690475463867
19-08-2011,27.3700008392334,27.3700008392334,1139600,28.239999771118164,27.809999465942383,23.908218383789062
22-08-2011,27.950000762939453,28.420000076293945,1117400,28.5,28.209999084472656,24.25208854675293
23-08-2011,28.280000686645508,28.399999618530273,1229700,29.290000915527344,29.290000915527344,25.180564880371094
24-08-2011,29.15999984741211,29.15999984741211,849900,29.850000381469727,29.700000762939453,25.53304100036621
25-08-2011,28.84000015258789,29.6200008392334,1118700,29.809999465942383,29.0,24.931255340576172
26-08-2011,28.350000381469727,28.760000228881836,812900,29.610000610351562,29.579999923706055,25.429874420166016
29-08-2011,29.780000686645508,29.93000030517578,961100,30.280000686645508,30.18000030517578,25.94569969177246
30-08-2011,29.8799991607666,30.040000915527344,1118600,30.56999969482422,30.420000076293945,26.15202522277832
31-08-2011,30.559999465942383,30.559999465942383,1400300,31.239999771118164,30.969999313354492,26.624858856201172
01-09-2011,30.899999618530273,31.139999389648438,827700,31.559999465942383,31.06999969482422,26.710830688476562
02-09-2011,29.850000381469727,30.420000076293945,681500,30.610000610351562,30.040000915527344,25.825342178344727
06-09-2011,28.940000534057617,29.31999969482422,872400,29.56999969482422,29.3700008392334,25.24934196472168
07-09-2011,29.809999465942383,29.860000610351562,581500,30.43000030517578,30.299999237060547,26.048864364624023
08-09-2011,29.739999771118164,30.020000457763672,632600,30.399999618530273,29.760000228881836,25.584623336791992
09-09-2011,28.75,29.75,1044900,29.780000686645508,28.920000076293945,24.862476348876953
12-09-2011,27.920000076293945,28.389999389648438,849600,28.729999542236328,28.709999084472656,24.68193817138672
13-09-2011,28.860000610351562,28.969999313354492,652200,29.450000762939453,29.3799991607666,25.2579345703125
14-09-2011,28.850000381469727,29.3700008392334,1338700,29.75,29.5,25.361099243164062
15-09-2011,29.0,29.6200008392334,778200,29.6200008392334,29.399999618530273,25.275129318237305
16-09-2011,29.399999618530273,29.600000381469727,794300,29.799999237060547,29.780000686645508,25.60181427001953
19-09-2011,28.809999465942383,29.18000030517578,924000,29.299999237060547,29.059999465942383,24.98283576965332
20-09-2011,28.959999084472656,29.100000381469727,716700,29.600000381469727,28.989999771118164,24.922651290893555
21-09-2011,28.43000030517578,29.1200008392334,1949000,29.149999618530273,28.6200008392334,24.60456657409668
22-09-2011,27.600000381469727,28.18000030517578,1491800,28.3700008392334,27.899999618530273,23.985584259033203
23-09-2011,27.84000015258789,27.84000015258789,942200,28.780000686645508,28.670000076293945,24.647550582885742
26-09-2011,27.969999313354492,28.540000915527344,825400,28.780000686645508,28.739999771118164,24.707733154296875
27-09-2011,28.93000030517578,29.100000381469727,672000,29.979999542236328,29.510000228881836,25.369699478149414
28-09-2011,28.790000915527344,29.530000686645508,759400,29.610000610351562,28.850000381469727,24.802297592163086
29-09-2011,28.649999618530273,29.299999237060547,639500,29.540000915527344,29.170000076293945,25.07740020751953
30-09-2011,28.639999389648438,28.860000610351562,738900,29.290000915527344,28.790000915527344,24.750715255737305
03-10-2011,27.049999237060547,28.56999969482422,1037200,28.690000534057617,27.049999237060547,23.254838943481445
04-10-2011,26.920000076293945,26.940000534057617,1596600,27.770000457763672,27.75,23.856630325317383
05-10-2011,27.68000030517578,27.899999618530273,1002400,28.6299991607666,28.5,24.501401901245117
06-10-2011,28.559999465942383,28.559999465942383,1075800,29.969999313354492,29.920000076293945,25.722179412841797
07-10-2011,29.6200008392334,29.989999771118164,876000,30.209999084472656,29.670000076293945,25.507251739501953
10-10-2011,29.790000915527344,30.0,489500,30.350000381469727,30.209999084472656,25.971492767333984
11-10-2011,29.559999465942383,29.940000534057617,708600,30.260000228881836,29.6200008392334,25.464265823364258
12-10-2011,29.8700008392334,29.969999313354492,618100,30.639999389648438,30.219999313354492,25.980087280273438
13-10-2011,30.0,30.260000228881836,765800,30.420000076293945,30.270000457763672,26.023067474365234
14-10-2011,30.209999084472656,30.75,402200,30.780000686645508,30.40999984741211,26.143423080444336
17-10-2011,29.559999465942383,30.360000610351562,756000,30.559999465942383,29.65999984741211,25.4986515045166
18-10-2011,29.579999923706055,29.719999313354492,731700,30.549999237060547,30.229999542236328,25.988679885864258
19-10-2011,29.969999313354492,30.149999618530273,761300,30.520000457763672,29.969999313354492,25.765159606933594
20-10-2011,29.559999465942383,29.950000762939453,880000,30.31999969482422,30.229999542236328,25.988679885864258
21-10-2011,30.219999313354492,30.399999618530273,820500,31.200000762939453,31.09000015258789,26.7280216217041
24-10-2011,31.010000228881836,31.06999969482422,1196700,31.989999771118164,31.700000762939453,27.2524356842041
25-10-2011,26.010000228881836,26.579999923706055,6795700,28.8799991607666,27.3700008392334,23.529937744140625
26-10-2011,26.68000030517578,27.489999771118164,1782300,27.540000915527344,27.260000228881836,23.435373306274414
27-10-2011,27.450000762939453,27.809999465942383,2522900,28.729999542236328,28.6299991607666,24.6131649017334
28-10-2011,28.3700008392334,28.540000915527344,1712500,29.190000534057617,29.110000610351562,25.02582359313965
31-10-2011,28.190000534057617,28.68000030517578,1070900,28.780000686645508,28.299999237060547,24.32946014404297
01-11-2011,27.520000457763672,27.559999465942383,1338700,28.100000381469727,27.850000381469727,23.942602157592773
02-11-2011,27.959999084472656,28.1299991607666,929800,28.450000762939453,28.239999771118164,24.277883529663086
03-11-2011,28.270000457763672,28.440000534057617,1868900,29.1299991607666,28.729999542236328,24.699132919311523
04-11-2011,28.559999465942383,28.559999465942383,1179200,29.459999084472656,29.229999542236328,25.128986358642578
07-11-2011,28.5,29.0,1041200,29.43000030517578,29.40999984741211,25.283733367919922
08-11-2011,28.899999618530273,29.399999618530273,780400,29.610000610351562,29.510000228881836,25.369699478149414
09-11-2011,28.100000381469727,28.690000534057617,648500,28.850000381469727,28.190000534057617,24.234893798828125
10-11-2011,27.690000534057617,28.3700008392334,1555200,28.3700008392334,27.790000915527344,23.89101791381836
11-11-2011,27.690000534057617,28.06999969482422,1036600,28.309999465942383,28.040000915527344,24.105945587158203
14-11-2011,27.5,27.940000534057617,783800,27.959999084472656,27.719999313354492,23.830839157104492
15-11-2011,27.790000915527344,27.809999465942383,1199600,28.110000610351562,27.8700008392334,23.959794998168945
16-11-2011,27.459999084472656,27.549999237060547,705300,27.979999542236328,27.579999923706055,23.710477828979492
17-11-2011,26.649999618530273,27.540000915527344,1219400,27.540000915527344,26.739999771118164,22.98833465576172
18-11-2011,26.440000534057617,27.030000686645508,742500,27.030000686645508,26.479999542236328,22.764812469482422
21-11-2011,25.780000686645508,26.100000381469727,1237300,26.239999771118164,25.889999389648438,22.25758934020996
22-11-2011,25.530000686645508,25.75,987000,25.940000534057617,25.579999923706055,21.9910831451416
23-11-2011,25.139999389648438,25.329999923706055,750700,25.40999984741211,25.219999313354492,21.681589126586914
25-11-2011,24.790000915527344,24.8799991607666,422800,25.15999984741211,24.989999771118164,21.483863830566406
28-11-2011,25.40999984741211,25.6299991607666,985700,25.959999084472656,25.889999389648438,22.25758934020996
29-11-2011,25.329999923706055,25.809999465942383,1003100,25.829999923706055,25.389999389648438,21.827741622924805
30-11-2011,25.959999084472656,26.100000381469727,1509900,26.280000686645508,26.049999237060547,22.395143508911133
01-12-2011,25.729999542236328,25.979999542236328,1145000,26.139999389648438,25.809999465942383,22.188814163208008
02-12-2011,25.75,26.100000381469727,1553300,26.200000762939453,25.780000686645508,22.163022994995117
05-12-2011,25.829999923706055,26.100000381469727,995600,26.18000030517578,25.959999084472656,22.31777572631836
06-12-2011,25.139999389648438,25.459999084472656,1003000,25.6299991607666,25.420000076293945,21.853530883789062
07-12-2011,24.8700008392334,25.25,1024800,25.510000228881836,25.43000030517578,21.862131118774414
08-12-2011,24.950000762939453,25.389999389648438,988300,25.389999389648438,24.989999771118164,21.483863830566406
09-12-2011,24.950000762939453,25.079999923706055,1084400,25.219999313354492,25.09000015258789,21.5698299407959
12-12-2011,24.579999923706055,24.860000610351562,1244300,24.959999084472656,24.639999389648438,21.182964324951172
13-12-2011,23.93000030517578,24.809999465942383,1765100,24.829999923706055,24.059999465942383,20.684341430664062
14-12-2011,23.3700008392334,23.760000228881836,2045100,23.760000228881836,23.459999084472656,20.16852569580078
15-12-2011,23.889999389648438,24.010000228881836,1588600,24.31999969482422,24.270000457763672,20.864883422851562
16-12-2011,24.579999923706055,24.739999771118164,2492400,24.899999618530273,24.719999313354492,21.25174331665039
19-12-2011,24.270000457763672,24.649999618530273,1489800,24.809999465942383,24.329999923706055,20.916460037231445
20-12-2011,25.030000686645508,25.190000534057617,1413100,25.510000228881836,25.399999618530273,21.836334228515625
21-12-2011,25.100000381469727,25.420000076293945,655800,25.459999084472656,25.350000381469727,21.793352127075195
22-12-2011,25.260000228881836,25.350000381469727,636300,25.6299991607666,25.440000534057617,21.87071990966797
23-12-2011,25.209999084472656,25.5,504800,25.540000915527344,25.280000686645508,21.733179092407227
27-12-2011,25.18000030517578,25.239999771118164,698100,25.459999084472656,25.239999771118164,21.69878578186035
28-12-2011,24.959999084472656,25.229999542236328,461600,25.34000015258789,24.989999771118164,21.483863830566406
29-12-2011,24.8799991607666,25.09000015258789,534400,25.3799991607666,25.31999969482422,21.767562866210938
30-12-2011,25.219999313354492,25.350000381469727,455500,25.649999618530273,25.399999618530273,21.836334228515625
03-01-2012,25.56999969482422,25.75,891800,26.1200008392334,25.610000610351562,22.016876220703125
04-01-2012,24.969999313354492,25.440000534057617,1080400,25.440000534057617,24.979999542236328,21.475265502929688
05-01-2012,24.40999984741211,24.760000228881836,1219800,24.899999618530273,24.809999465942383,21.329120635986328
06-01-2012,24.81999969482422,24.959999084472656,825200,25.06999969482422,24.920000076293945,21.423681259155273
09-01-2012,24.600000381469727,25.010000228881836,663400,25.020000457763672,24.81999969482422,21.33771514892578
10-01-2012,25.3799991607666,25.5,1405000,26.139999389648438,26.139999389648438,22.47251319885254
11-01-2012,25.979999542236328,25.979999542236328,765800,26.5,26.469999313354492,22.75621223449707
12-01-2012,25.989999771118164,26.399999618530273,966500,26.469999313354492,26.049999237060547,22.395143508911133
13-01-2012,25.639999389648438,25.850000381469727,1087400,25.950000762939453,25.799999237060547,22.180219650268555
17-01-2012,26.040000915527344,26.219999313354492,835700,26.3799991607666,26.1299991607666,22.46391487121582
18-01-2012,25.690000534057617,25.850000381469727,1059500,26.06999969482422,26.0,22.352153778076172
19-01-2012,25.979999542236328,26.149999618530273,1737800,26.600000381469727,26.3700008392334,22.670244216918945
20-01-2012,25.799999237060547,26.15999984741211,717700,26.170000076293945,26.030000686645508,22.37795066833496
23-01-2012,26.030000686645508,26.030000686645508,1277600,26.729999542236328,26.709999084472656,22.962541580200195
24-01-2012,26.3799991607666,26.530000686645508,946700,27.030000686645508,26.860000610351562,23.091503143310547
25-01-2012,26.459999084472656,26.6200008392334,730700,27.450000762939453,27.389999389648438,23.547134399414062
26-01-2012,27.09000015258789,27.579999923706055,1027500,27.739999771118164,27.209999084472656,23.39238739013672
27-01-2012,28.940000534057617,29.040000915527344,3350400,30.799999237060547,30.059999465942383,25.8425350189209
30-01-2012,29.229999542236328,29.450000762939453,1497000,29.649999618530273,29.290000915527344,25.180564880371094
31-01-2012,28.899999618530273,29.139999389648438,924500,29.43000030517578,29.030000686645508,24.95704460144043
01-02-2012,28.670000076293945,29.030000686645508,1209100,29.510000228881836,29.139999389648438,25.051607131958008
02-02-2012,29.09000015258789,29.299999237060547,888300,29.440000534057617,29.18000030517578,25.086000442504883
03-02-2012,29.15999984741211,29.350000381469727,778300,29.65999984741211,29.600000381469727,25.44707489013672
06-02-2012,29.18000030517578,29.389999389648438,808500,29.59000015258789,29.350000381469727,25.232152938842773
07-02-2012,29.149999618530273,29.239999771118164,909600,29.739999771118164,29.68000030517578,25.515850067138672
08-02-2012,29.420000076293945,29.639999389648438,612900,29.770000457763672,29.729999542236328,25.55882453918457
09-02-2012,29.5,29.770000457763672,866900,29.950000762939453,29.920000076293945,25.722179412841797
10-02-2012,29.479999542236328,29.6200008392334,699900,29.809999465942383,29.729999542236328,25.55882453918457
13-02-2012,29.610000610351562,29.920000076293945,461400,29.959999084472656,29.8799991607666,25.687788009643555
14-02-2012,29.239999771118164,29.59000015258789,700300,29.59000015258789,29.350000381469727,25.232152938842773
15-02-2012,29.209999084472656,29.3700008392334,778100,29.889999389648438,29.399999618530273,25.275129318237305
16-02-2012,28.969999313354492,29.40999984741211,956800,29.469999313354492,29.40999984741211,25.283733367919922
17-02-2012,29.079999923706055,29.489999771118164,455000,29.579999923706055,29.110000610351562,25.02582359313965
21-02-2012,28.729999542236328,29.110000610351562,752000,29.360000610351562,28.940000534057617,24.879671096801758
22-02-2012,28.84000015258789,28.940000534057617,647400,29.299999237060547,28.969999313354492,24.905458450317383
23-02-2012,28.760000228881836,29.010000228881836,741600,29.049999237060547,28.8799991607666,24.828092575073242
24-02-2012,28.940000534057617,29.040000915527344,891700,29.420000076293945,29.420000076293945,25.29231834411621
27-02-2012,28.770000457763672,29.139999389648438,729800,29.530000686645508,29.420000076293945,25.29231834411621
28-02-2012,29.280000686645508,29.399999618530273,701800,29.670000076293945,29.440000534057617,25.30952262878418
29-02-2012,29.229999542236328,29.649999618530273,999900,29.799999237060547,29.299999237060547,25.189163208007812
01-03-2012,29.540000915527344,29.65999984741211,908800,29.959999084472656,29.850000381469727,25.66199493408203
02-03-2012,29.610000610351562,29.760000228881836,1641800,30.200000762939453,30.059999465942383,25.8425350189209
05-03-2012,29.709999084472656,30.15999984741211,881100,30.280000686645508,29.790000915527344,25.610416412353516
06-03-2012,29.0,29.5,639800,29.5,29.049999237060547,24.9742374420166
07-03-2012,28.940000534057617,29.15999984741211,770800,29.420000076293945,29.25,25.146177291870117
08-03-2012,29.5,29.600000381469727,603100,29.90999984741211,29.829999923706055,25.644804000854492
09-03-2012,29.670000076293945,29.780000686645508,484100,30.190000534057617,29.979999542236328,25.773754119873047
12-03-2012,29.920000076293945,29.989999771118164,758000,30.299999237060547,30.139999389648438,25.91130256652832
13-03-2012,30.18000030517578,30.309999465942383,968000,31.0,31.0,26.650646209716797
14-03-2012,30.889999389648438,31.0,1513200,31.5,31.469999313354492,27.05470848083496
15-03-2012,31.020000457763672,31.40999984741211,771800,31.639999389648438,31.600000381469727,27.166471481323242
16-03-2012,31.510000228881836,31.65999984741211,1000200,31.93000030517578,31.559999465942383,27.132080078125
19-03-2012,31.549999237060547,31.559999465942383,1011100,32.130001068115234,31.969999313354492,27.48455810546875
20-03-2012,31.709999084472656,31.829999923706055,508900,32.029998779296875,31.860000610351562,27.389986038208008
21-03-2012,31.440000534057617,31.889999389648438,662900,31.899999618530273,31.639999389648438,27.200857162475586
22-03-2012,31.110000610351562,31.34000015258789,534900,31.5,31.43000030517578,27.02032470703125
23-03-2012,31.450000762939453,31.639999389648438,417300,31.799999237060547,31.700000762939453,27.2524356842041
26-03-2012,31.760000228881836,31.809999465942383,852700,32.0,31.989999771118164,27.50174903869629
27-03-2012,31.350000381469727,32.0,1317400,32.0,31.5,27.08049774169922
28-03-2012,30.530000686645508,31.06999969482422,1176200,31.100000381469727,30.959999084472656,26.616262435913086
29-03-2012,30.59000015258789,30.799999237060547,538500,31.09000015258789,30.989999771118164,26.642045974731445
30-03-2012,30.90999984741211,31.25,728400,31.329999923706055,30.90999984741211,26.57327651977539
02-04-2012,31.030000686645508,31.09000015258789,853100,31.40999984741211,31.06999969482422,26.710830688476562
03-04-2012,31.1200008392334,31.170000076293945,816300,31.65999984741211,31.520000457763672,27.097692489624023
04-04-2012,30.729999542236328,31.389999389648438,1224100,31.420000076293945,30.850000381469727,26.52169418334961
05-04-2012,30.56999969482422,30.75,572700,30.799999237060547,30.739999771118164,26.427125930786133
09-04-2012,30.110000610351562,30.260000228881836,598600,30.469999313354492,30.3700008392334,26.10904312133789
10-04-2012,29.790000915527344,30.34000015258789,572200,30.399999618530273,29.84000015258789,25.653400421142578
11-04-2012,30.219999313354492,30.219999313354492,852100,30.56999969482422,30.520000457763672,26.237995147705078
12-04-2012,30.600000381469727,30.600000381469727,617000,30.940000534057617,30.829999923706055,26.504501342773438
13-04-2012,30.209999084472656,30.899999618530273,1241500,31.040000915527344,30.290000915527344,26.040258407592773
16-04-2012,29.700000762939453,30.3700008392334,1117400,30.3700008392334,29.989999771118164,25.7823486328125
17-04-2012,30.170000076293945,30.170000076293945,707600,30.579999923706055,30.479999542236328,26.20360565185547
18-04-2012,30.3700008392334,30.399999618530273,490500,30.719999313354492,30.43000030517578,26.16062355041504
19-04-2012,29.979999542236328,30.469999313354492,987400,30.600000381469727,30.229999542236328,25.988679885864258
20-04-2012,30.34000015258789,30.34000015258789,476400,30.729999542236328,30.5,26.22079849243164
23-04-2012,30.079999923706055,30.260000228881836,803900,30.510000228881836,30.469999313354492,26.195009231567383
24-04-2012,30.709999084472656,30.709999084472656,1063900,31.420000076293945,31.25,26.86557388305664
25-04-2012,31.3700008392334,31.59000015258789,726100,31.90999984741211,31.709999084472656,27.261032104492188
26-04-2012,31.360000610351562,31.59000015258789,928100,32.150001525878906,32.04999923706055,27.553333282470703
27-04-2012,33.130001068115234,34.150001525878906,2868200,34.5,34.11000061035156,29.324308395385742
30-04-2012,33.7400016784668,33.79999923706055,1562700,34.310001373291016,34.0099983215332,29.23834800720215
01-05-2012,33.290000915527344,33.63999938964844,1348300,34.59000015258789,34.439998626708984,29.608009338378906
02-05-2012,33.90999984741211,34.09000015258789,1762200,35.130001068115234,35.0099983215332,30.098041534423828
03-05-2012,34.34000015258789,34.790000915527344,911600,34.86000061035156,34.400001525878906,29.57361602783203
04-05-2012,33.689998626708984,33.91999816894531,1831100,34.099998474121094,33.810001373291016,29.066404342651367
07-05-2012,33.25,33.599998474121094,1060000,33.88999938964844,33.79999923706055,29.057811737060547
08-05-2012,32.880001068115234,33.27000045776367,1617600,33.560001373291016,33.41999816894531,28.73111915588379
09-05-2012,32.93000030517578,33.06999969482422,1323200,33.7400016784668,33.560001373291016,28.851478576660156
10-05-2012,33.79999923706055,33.86000061035156,1229200,34.400001525878906,34.20000076293945,29.401691436767578
11-05-2012,33.650001525878906,33.939998626708984,679200,34.099998474121094,33.709999084472656,28.980436325073242
14-05-2012,33.04999923706055,33.380001068115234,1512300,33.52000045776367,33.36000061035156,28.679534912109375
15-05-2012,33.869998931884766,34.0099983215332,1318000,34.16999816894531,34.029998779296875,29.255537033081055
16-05-2012,33.0099983215332,33.529998779296875,1287300,33.630001068115234,33.209999084472656,28.550580978393555
17-05-2012,32.099998474121094,33.040000915527344,1072300,33.040000915527344,32.099998474121094,27.5963134765625
18-05-2012,31.649999618530273,32.25,1016500,32.41999816894531,31.649999618530273,27.209453582763672
21-05-2012,31.31999969482422,31.75,1192700,32.2400016784668,32.220001220703125,27.699478149414062
22-05-2012,31.93000030517578,32.2599983215332,805100,32.63999938964844,32.16999816894531,27.6564998626709
23-05-2012,31.700000762939453,31.959999084472656,839000,32.18000030517578,32.13999938964844,27.630706787109375
24-05-2012,31.739999771118164,32.099998474121094,1065400,32.15999984741211,32.09000015258789,27.58772087097168
25-05-2012,31.40999984741211,31.889999389648438,1051900,31.969999313354492,31.579999923706055,27.149272918701172
29-05-2012,31.239999771118164,31.579999923706055,1606100,31.780000686645508,31.389999389648438,26.985931396484375
30-05-2012,30.790000915527344,31.06999969482422,1355600,31.190000534057617,31.1200008392334,26.753816604614258
31-05-2012,30.600000381469727,31.0,1175400,31.149999618530273,30.979999542236328,26.63345718383789
01-06-2012,30.239999771118164,30.440000534057617,1377600,30.889999389648438,30.559999465942383,26.272384643554688
04-06-2012,30.020000457763672,30.510000228881836,1223100,30.6299991607666,30.420000076293945,26.15202522277832
05-06-2012,29.8700008392334,29.969999313354492,1064900,30.979999542236328,30.8700008392334,26.53888702392578
06-06-2012,31.079999923706055,31.100000381469727,802600,31.84000015258789,31.760000228881836,27.30402374267578
07-06-2012,31.90999984741211,32.16999816894531,1004100,32.22999954223633,31.959999084472656,27.475961685180664
08-06-2012,31.3799991607666,31.700000762939453,1227400,32.09000015258789,32.04999923706055,27.553333282470703
11-06-2012,31.65999984741211,32.41999816894531,535100,32.439998626708984,31.670000076293945,27.22664451599121
12-06-2012,31.729999542236328,31.829999923706055,1260300,32.29999923706055,32.16999816894531,27.6564998626709
13-06-2012,31.8700008392334,32.099998474121094,476000,32.470001220703125,31.969999313354492,27.48455810546875
14-06-2012,31.610000610351562,31.920000076293945,1306800,32.0,31.790000915527344,27.329816818237305
15-06-2012,31.649999618530273,31.81999969482422,1329000,31.979999542236328,31.790000915527344,27.329816818237305
18-06-2012,31.479999542236328,31.6200008392334,1060700,32.119998931884766,32.060001373291016,27.561931610107422
19-06-2012,31.799999237060547,31.959999084472656,1647400,32.880001068115234,32.459999084472656,27.905805587768555
20-06-2012,32.209999084472656,32.40999984741211,911600,32.52000045776367,32.36000061035156,27.819833755493164
21-06-2012,30.950000762939453,32.41999816894531,776200,32.439998626708984,30.979999542236328,26.63345718383789
22-06-2012,30.860000610351562,31.0,857000,31.549999237060547,31.43000030517578,27.02032470703125
25-06-2012,30.440000534057617,31.049999237060547,639200,31.079999923706055,30.540000915527344,26.255189895629883
26-06-2012,30.18000030517578,30.579999923706055,507700,30.670000076293945,30.479999542236328,26.20360565185547
27-06-2012,30.459999084472656,30.520000457763672,613700,30.829999923706055,30.540000915527344,26.255189895629883
28-06-2012,29.81999969482422,30.549999237060547,1375500,30.59000015258789,30.229999542236328,25.988679885864258
29-06-2012,31.149999618530273,31.149999618530273,1231100,31.59000015258789,31.200000762939453,26.822587966918945
02-07-2012,30.84000015258789,31.09000015258789,768100,31.190000534057617,31.190000534057617,26.81399917602539
03-07-2012,30.860000610351562,31.139999389648438,430100,31.15999984741211,30.940000534057617,26.59906768798828
05-07-2012,30.739999771118164,30.799999237060547,847500,31.110000610351562,30.93000030517578,26.590471267700195
06-07-2012,30.5,30.690000534057617,443500,30.940000534057617,30.860000610351562,26.530292510986328
09-07-2012,30.799999237060547,30.829999923706055,745200,31.059999465942383,31.010000228881836,26.65924835205078
10-07-2012,30.770000457763672,31.0,699200,31.530000686645508,30.850000381469727,26.52169418334961
11-07-2012,30.700000762939453,30.850000381469727,602500,31.34000015258789,31.270000457763672,26.882768630981445
12-07-2012,31.040000915527344,31.040000915527344,678200,31.5,31.40999984741211,27.003124237060547
13-07-2012,31.43000030517578,31.549999237060547,600300,31.969999313354492,31.8700008392334,27.398582458496094
16-07-2012,31.459999084472656,31.780000686645508,539800,31.829999923706055,31.68000030517578,27.235239028930664
17-07-2012,31.799999237060547,31.90999984741211,626500,32.400001525878906,32.369998931884766,27.82843589782715
18-07-2012,32.060001373291016,32.2599983215332,618200,32.47999954223633,32.29999923706055,27.768253326416016
19-07-2012,31.420000076293945,32.04999923706055,737600,32.099998474121094,31.920000076293945,27.441574096679688
20-07-2012,31.079999923706055,31.709999084472656,656600,31.979999542236328,31.309999465942383,26.917152404785156
23-07-2012,30.389999389648438,30.719999313354492,406000,30.729999542236328,30.6299991607666,26.332555770874023
24-07-2012,30.450000762939453,30.579999923706055,580900,30.84000015258789,30.68000030517578,26.37554168701172
25-07-2012,30.6299991607666,30.639999389648438,503600,31.059999465942383,30.8700008392334,26.53888702392578
26-07-2012,30.520000457763672,31.110000610351562,744200,31.34000015258789,30.68000030517578,26.37554168701172
27-07-2012,30.979999542236328,30.979999542236328,739900,32.09000015258789,31.860000610351562,27.389986038208008
30-07-2012,31.549999237060547,31.959999084472656,728500,32.060001373291016,31.719999313354492,27.269630432128906
31-07-2012,31.549999237060547,31.75,617500,32.099998474121094,31.559999465942383,27.132080078125
01-08-2012,31.5,31.8700008392334,491000,31.989999771118164,31.610000610351562,27.175065994262695
02-08-2012,30.979999542236328,31.280000686645508,963600,31.989999771118164,31.829999923706055,27.36419677734375
03-08-2012,34.5,34.61000061035156,2954000,36.0,35.650001525878906,30.648235321044922
06-08-2012,35.22999954223633,35.66999816894531,1344800,35.93000030517578,35.290000915527344,30.338756561279297
07-08-2012,35.38999938964844,35.61000061035156,1414900,36.34000015258789,35.779998779296875,30.760011672973633
08-08-2012,35.47999954223633,35.81999969482422,958400,36.150001525878906,35.59000015258789,30.59666633605957
09-08-2012,35.58000183105469,35.7400016784668,1242500,35.970001220703125,35.7599983215332,30.742799758911133
10-08-2012,35.619998931884766,35.70000076293945,914100,35.97999954223633,35.88999938964844,30.85457420349121
13-08-2012,35.72999954223633,35.9900016784668,746800,36.2599983215332,36.2599983215332,31.172653198242188
14-08-2012,36.310001373291016,36.41999816894531,539200,36.66999816894531,36.45000076293945,31.33600425720215
15-08-2012,36.31999969482422,36.369998931884766,419200,36.86000061035156,36.790000915527344,31.62830352783203
16-08-2012,36.29999923706055,36.869998931884766,782700,37.0,36.880001068115234,31.7056941986084
17-08-2012,36.52000045776367,36.939998626708984,818100,37.0,36.900001525878906,31.722871780395508
20-08-2012,36.77000045776367,36.77000045776367,1049700,37.33000183105469,37.15999984741211,31.94639015197754
21-08-2012,37.15999984741211,37.349998474121094,933000,37.810001373291016,37.61000061035156,32.33325958251953
22-08-2012,36.689998626708984,37.38999938964844,849600,37.45000076293945,37.060001373291016,31.860427856445312
23-08-2012,36.47999954223633,36.97999954223633,661700,37.02000045776367,36.790000915527344,31.62830352783203
24-08-2012,36.650001525878906,36.83000183105469,503900,37.310001373291016,37.22999954223633,32.00657653808594
27-08-2012,37.06999969482422,37.29999923706055,716100,37.4900016784668,37.349998474121094,32.10973358154297
28-08-2012,37.220001220703125,37.29999923706055,910400,37.59000015258789,37.5099983215332,32.247291564941406
29-08-2012,37.400001525878906,37.459999084472656,567400,37.849998474121094,37.7400016784668,32.44500732421875
30-08-2012,37.22999954223633,37.43000030517578,638900,37.560001373291016,37.43000030517578,32.178504943847656
31-08-2012,37.310001373291016,37.72999954223633,676500,37.790000915527344,37.56999969482422,32.29887771606445
04-09-2012,37.7400016784668,37.779998779296875,1652400,39.61000061035156,39.189998626708984,33.69158935546875
05-09-2012,38.0,38.45000076293945,1192500,38.630001068115234,38.45000076293945,33.19941711425781
06-09-2012,38.709999084472656,38.720001220703125,1073500,39.66999816894531,39.529998779296875,34.13193130493164
07-09-2012,39.279998779296875,39.38999938964844,839300,39.790000915527344,39.70000076293945,34.278724670410156
10-09-2012,39.31999969482422,39.630001068115234,847800,39.779998779296875,39.38999938964844,34.01105499267578
11-09-2012,39.27000045776367,39.38999938964844,783000,39.58000183105469,39.5099983215332,34.11466598510742
12-09-2012,39.439998626708984,39.72999954223633,620600,39.88999938964844,39.5,34.10602951049805
13-09-2012,39.279998779296875,39.720001220703125,800900,39.9900016784668,39.779998779296875,34.3477897644043
14-09-2012,39.290000915527344,39.83000183105469,941500,39.900001525878906,39.619998931884766,34.20964813232422
17-09-2012,38.81999969482422,38.97999954223633,1377100,39.20000076293945,39.0,33.674320220947266
18-09-2012,38.869998931884766,39.0,980600,39.36000061035156,39.0,33.674320220947266
19-09-2012,38.939998626708984,39.0099983215332,434400,39.40999984741211,39.279998779296875,33.916080474853516
20-09-2012,38.86000061035156,39.029998779296875,452100,39.41999816894531,39.33000183105469,33.959259033203125
21-09-2012,39.27000045776367,39.79999923706055,1218600,39.79999923706055,39.279998779296875,33.916080474853516
24-09-2012,39.06999969482422,39.189998626708984,675900,39.84000015258789,39.70000076293945,34.278724670410156
25-09-2012,39.9900016784668,40.11000061035156,975300,40.619998931884766,40.0099983215332,34.546390533447266
26-09-2012,39.84000015258789,39.9900016784668,850600,40.400001525878906,40.0099983215332,34.546390533447266
27-09-2012,39.93000030517578,40.22999954223633,904300,40.619998931884766,40.29999923706055,34.79679870605469
28-09-2012,40.040000915527344,40.349998474121094,1052200,40.68000030517578,40.470001220703125,34.94356918334961
01-10-2012,40.16999816894531,40.63999938964844,1363800,40.83000183105469,40.380001068115234,34.86587142944336
02-10-2012,40.47999954223633,40.54999923706055,1001600,41.2400016784668,41.08000183105469,35.47027587890625
03-10-2012,40.79999923706055,41.189998626708984,1522500,41.189998626708984,40.84000015258789,35.2630500793457
04-10-2012,40.13999938964844,40.90999984741211,1602400,41.220001220703125,40.91999816894531,35.332122802734375
05-10-2012,40.81999969482422,41.099998474121094,773900,41.529998779296875,40.93000030517578,35.34075927734375
08-10-2012,40.61000061035156,40.9900016784668,463400,41.08000183105469,40.7400016784668,35.17670822143555
09-10-2012,39.81999969482422,40.54999923706055,1161400,40.54999923706055,39.91999816894531,34.46868896484375
10-10-2012,39.58000183105469,39.84000015258789,939100,40.06999969482422,39.84000015258789,34.399600982666016
11-10-2012,40.119998931884766,40.2400016784668,682400,40.439998626708984,40.130001068115234,34.650001525878906
12-10-2012,39.9900016784668,40.130001068115234,489500,40.34000015258789,40.11000061035156,34.63274383544922
15-10-2012,40.0099983215332,40.20000076293945,536900,40.45000076293945,40.41999816894531,34.900386810302734
16-10-2012,40.41999816894531,40.52000045776367,649200,41.150001525878906,40.93000030517578,35.34075927734375
17-10-2012,40.58000183105469,40.900001525878906,636800,41.209999084472656,41.04999923706055,35.444366455078125
18-10-2012,40.43000030517578,41.04999923706055,1003200,41.099998474121094,40.650001525878906,35.09899139404297
19-10-2012,39.9900016784668,40.54999923706055,1232300,40.720001220703125,40.11000061035156,34.63274383544922
22-10-2012,39.79999923706055,40.02000045776367,1184100,40.540000915527344,40.43000030517578,34.90903854370117
23-10-2012,40.02000045776367,40.20000076293945,1403900,40.869998931884766,40.70000076293945,35.14216232299805
24-10-2012,40.79999923706055,40.869998931884766,2214200,42.29999923706055,41.88999938964844,36.169681549072266
25-10-2012,40.959999084472656,41.59000015258789,2584700,41.95000076293945,41.34000015258789,35.69476318359375
26-10-2012,38.290000915527344,41.13999938964844,4521800,41.84000015258789,39.91999816894531,34.46868896484375
31-10-2012,39.290000915527344,39.86000061035156,1708000,40.47999954223633,39.939998626708984,34.48594284057617
01-11-2012,39.59000015258789,40.029998779296875,1736300,40.970001220703125,40.7599983215332,35.19397735595703
02-11-2012,40.310001373291016,40.959999084472656,1258900,40.959999084472656,40.31999969482422,34.81405258178711
05-11-2012,40.2599983215332,40.31999969482422,860900,40.880001068115234,40.779998779296875,35.21123504638672
06-11-2012,40.939998626708984,41.290000915527344,1183400,41.84000015258789,41.54999923706055,35.87609100341797
07-11-2012,40.65999984741211,41.29999923706055,1059400,41.470001220703125,41.119998931884766,35.50481033325195
08-11-2012,40.349998474121094,41.0,811600,41.189998626708984,40.540000915527344,35.00400924682617
09-11-2012,40.380001068115234,40.5,878300,41.0099983215332,40.72999954223633,35.16807174682617
12-11-2012,39.310001373291016,40.97999954223633,1262500,40.97999954223633,39.880001068115234,34.43413162231445
13-11-2012,39.310001373291016,39.7599983215332,1051500,39.90999984741211,39.369998931884766,33.993778228759766
14-11-2012,38.720001220703125,39.41999816894531,1197100,39.65999984741211,38.81999969482422,33.518890380859375
15-11-2012,38.709999084472656,38.81999969482422,2083800,39.310001373291016,38.97999954223633,33.657047271728516
16-11-2012,38.08000183105469,38.61000061035156,1955200,39.31999969482422,39.099998474121094,33.90854263305664
19-11-2012,39.400001525878906,39.61000061035156,1772200,40.72999954223633,40.720001220703125,35.31344985961914
20-11-2012,39.72999954223633,40.34000015258789,2078800,40.36000061035156,40.189998626708984,34.85380935668945
21-11-2012,39.709999084472656,40.13999938964844,1495500,40.2599983215332,40.060001373291016,34.74108123779297
23-11-2012,39.93000030517578,40.2599983215332,591300,40.56999969482422,40.5,35.12265396118164
26-11-2012,40.0,40.36000061035156,1488500,40.529998779296875,40.5099983215332,35.13132858276367
27-11-2012,40.54999923706055,40.54999923706055,1910400,41.47999954223633,41.13999938964844,35.67768859863281
28-11-2012,40.68000030517578,41.029998779296875,1186100,41.189998626708984,41.16999816894531,35.70368957519531
29-11-2012,40.560001373291016,41.41999816894531,1615200,41.47999954223633,41.279998779296875,35.79907989501953
30-11-2012,40.900001525878906,41.2599983215332,5949300,41.40999984741211,41.09000015258789,35.63432312011719
03-12-2012,40.560001373291016,41.2400016784668,931300,41.31999969482422,40.68000030517578,35.27875518798828
04-12-2012,40.54999923706055,40.7599983215332,489200,41.029998779296875,40.86000061035156,35.434852600097656
05-12-2012,40.619998931884766,40.939998626708984,684900,41.220001220703125,40.70000076293945,35.29609680175781
06-12-2012,40.7400016784668,40.84000015258789,654900,41.29999923706055,41.130001068115234,35.66901779174805
07-12-2012,41.220001220703125,41.310001373291016,678200,41.810001373291016,41.529998779296875,36.015892028808594
10-12-2012,41.43000030517578,41.45000076293945,569300,41.72999954223633,41.540000915527344,36.02457809448242
11-12-2012,41.54999923706055,41.63999938964844,811800,42.18000030517578,42.08000183105469,36.49287033081055
12-12-2012,42.33000183105469,42.349998474121094,795800,42.91999816894531,42.47999954223633,36.83977127075195
13-12-2012,41.540000915527344,42.540000915527344,684600,42.56999969482422,41.68000030517578,36.1459846496582
14-12-2012,41.36000061035156,41.709999084472656,680700,42.22999954223633,41.970001220703125,36.3974723815918
17-12-2012,42.0099983215332,42.040000915527344,563400,42.56999969482422,42.43000030517578,36.79639434814453
18-12-2012,42.189998626708984,42.5,574400,42.849998474121094,42.77000045776367,37.091251373291016
19-12-2012,42.119998931884766,42.720001220703125,551100,42.90999984741211,42.119998931884766,36.52756881713867
20-12-2012,41.970001220703125,42.189998626708984,606600,42.939998626708984,42.2400016784668,36.63162612915039
21-12-2012,40.849998474121094,41.54999923706055,1724000,41.599998474121094,41.52000045776367,36.00722885131836
24-12-2012,41.349998474121094,41.45000076293945,183000,41.61000061035156,41.5,35.98988723754883
26-12-2012,41.0,41.61000061035156,381700,41.61000061035156,41.130001068115234,35.66901779174805
27-12-2012,40.70000076293945,41.20000076293945,571700,41.40999984741211,41.220001220703125,35.74706268310547
28-12-2012,40.810001373291016,41.029998779296875,380400,41.380001068115234,40.90999984741211,35.478214263916016
31-12-2012,40.79999923706055,40.90999984741211,639300,41.77000045776367,41.56999969482422,36.05058288574219
02-01-2013,42.150001525878906,42.45000076293945,645800,42.79999923706055,42.47999954223633,36.83977127075195
03-01-2013,42.349998474121094,42.400001525878906,673500,42.790000915527344,42.709999084472656,37.03922653198242
04-01-2013,42.619998931884766,42.70000076293945,408800,43.060001373291016,42.86000061035156,37.1693115234375
07-01-2013,42.79999923706055,42.79999923706055,470300,43.130001068115234,43.0,37.290714263916016
08-01-2013,42.88999938964844,43.279998779296875,752000,43.47999954223633,43.459999084472656,37.68964767456055
09-01-2013,43.5,43.5099983215332,780200,44.31999969482422,43.810001373291016,37.993167877197266
10-01-2013,43.68000030517578,44.06999969482422,347000,44.189998626708984,44.060001373291016,38.20998001098633
11-01-2013,43.5,44.150001525878906,805600,44.470001220703125,43.65999984741211,37.86308670043945
14-01-2013,43.540000915527344,43.77000045776367,421400,43.90999984741211,43.75,37.941139221191406
15-01-2013,43.599998474121094,43.790000915527344,827300,44.11000061035156,43.939998626708984,38.10590744018555
16-01-2013,44.060001373291016,44.220001220703125,1078800,44.650001525878906,44.54999923706055,38.634918212890625
17-01-2013,44.040000915527344,44.529998779296875,911100,44.529998779296875,44.369998931884766,38.478816986083984
18-01-2013,44.2400016784668,44.5,672100,44.75,44.59000015258789,38.66960144042969
22-01-2013,44.150001525878906,44.779998779296875,1576800,45.0,45.0,39.02517318725586
23-01-2013,44.31999969482422,44.86000061035156,1541100,45.45000076293945,45.130001068115234,39.137916564941406
24-01-2013,44.900001525878906,45.16999816894531,943500,45.619998931884766,45.470001220703125,39.432762145996094
25-01-2013,46.86000061035156,46.86000061035156,3285200,48.470001220703125,48.310001373291016,41.89567947387695
28-01-2013,48.02000045776367,48.209999084472656,1123300,48.43000030517578,48.369998931884766,41.94773483276367
29-01-2013,47.189998626708984,47.970001220703125,1679500,47.9900016784668,47.54999923706055,41.23659896850586
30-01-2013,46.75,47.61000061035156,1467300,48.04999923706055,46.84000015258789,40.6208610534668
31-01-2013,43.29999923706055,43.970001220703125,3358600,43.970001220703125,43.79999923706055,37.984493255615234
01-02-2013,44.20000076293945,44.65999984741211,1429200,45.16999816894531,44.470001220703125,38.56553649902344
04-02-2013,44.029998779296875,44.27000045776367,971500,44.5099983215332,44.38999938964844,38.49616241455078
05-02-2013,44.150001525878906,44.560001373291016,1147000,44.72999954223633,44.29999923706055,38.41810607910156
06-02-2013,44.119998931884766,44.2400016784668,641300,44.36000061035156,44.34000015258789,38.45280838012695
07-02-2013,43.93000030517578,44.29999923706055,844400,44.5,44.25,38.374755859375
08-02-2013,44.0,44.33000183105469,788800,44.380001068115234,44.09000015258789,38.235992431640625
11-02-2013,43.38999938964844,43.90999984741211,755900,43.93000030517578,43.599998474121094,37.81105422973633
12-02-2013,43.5,43.52000045776367,1052100,43.7400016784668,43.650001525878906,37.85441207885742
13-02-2013,43.29999923706055,43.790000915527344,1160100,43.84000015258789,43.540000915527344,37.759010314941406
14-02-2013,42.650001525878906,43.2599983215332,1085000,43.400001525878906,43.18000030517578,37.59360885620117
15-02-2013,42.61000061035156,43.209999084472656,979200,43.369998931884766,42.65999984741211,37.140872955322266
19-02-2013,42.61000061035156,43.08000183105469,1420800,43.310001373291016,43.2400016784668,37.64584732055664
20-02-2013,42.869998931884766,43.47999954223633,1325100,43.810001373291016,42.88999938964844,37.34112548828125
21-02-2013,41.97999954223633,42.70000076293945,852200,42.81999969482422,42.36000061035156,36.87968826293945
22-02-2013,42.779998779296875,42.779998779296875,1496800,43.619998931884766,43.130001068115234,37.55007553100586
25-02-2013,42.790000915527344,43.279998779296875,848900,43.630001068115234,42.790000915527344,37.25405502319336
26-02-2013,43.0,43.0099983215332,892400,43.459999084472656,43.13999938964844,37.558773040771484
27-02-2013,42.7599983215332,43.0,516800,43.77000045776367,43.70000076293945,38.046329498291016
28-02-2013,43.599998474121094,43.619998931884766,1540300,44.810001373291016,44.4900016784668,38.73411178588867
01-03-2013,43.43000030517578,44.11000061035156,1153000,44.290000915527344,43.630001068115234,37.985389709472656
04-03-2013,43.310001373291016,43.310001373291016,567500,44.18000030517578,44.11000061035156,38.40328598022461
05-03-2013,44.220001220703125,44.220001220703125,1013700,45.4900016784668,45.16999816894531,39.32613754272461
06-03-2013,44.81999969482422,45.33000183105469,682800,45.650001525878906,45.0099983215332,39.18685531616211
07-03-2013,43.29999923706055,44.79999923706055,1794000,44.849998474121094,43.66999816894531,38.02021026611328
08-03-2013,43.630001068115234,43.93000030517578,802400,44.22999954223633,43.75,38.08985900878906
11-03-2013,43.459999084472656,43.709999084472656,1383600,44.119998931884766,43.849998474121094,38.17692184448242
12-03-2013,43.41999816894531,43.90999984741211,1498600,43.90999984741211,43.70000076293945,38.046329498291016
13-03-2013,43.33000183105469,43.84000015258789,1391500,43.86000061035156,43.38999938964844,37.77644348144531
14-03-2013,43.27000045776367,43.560001373291016,958100,43.810001373291016,43.7400016784668,38.08116149902344
15-03-2013,43.31999969482422,43.7400016784668,946100,43.93000030517578,43.369998931884766,37.75901412963867
18-03-2013,42.90999984741211,43.029998779296875,987300,43.79999923706055,43.59000015258789,37.950557708740234
19-03-2013,43.400001525878906,43.7400016784668,695000,44.220001220703125,43.93000030517578,38.2465705871582
20-03-2013,44.220001220703125,44.29999923706055,754100,44.72999954223633,44.650001525878906,38.873416900634766
21-03-2013,44.189998626708984,44.29999923706055,899800,44.630001068115234,44.349998474121094,38.61223220825195
22-03-2013,44.130001068115234,44.41999816894531,838200,44.68000030517578,44.15999984741211,38.446807861328125
25-03-2013,43.220001220703125,44.310001373291016,1246700,44.369998931884766,43.54999923706055,37.915733337402344
26-03-2013,43.959999084472656,43.959999084472656,1341000,45.45000076293945,45.290000915527344,39.43062973022461
27-03-2013,45.04999923706055,45.15999984741211,1295100,46.20000076293945,45.869998931884766,39.935585021972656
28-03-2013,45.470001220703125,45.849998474121094,1161500,46.400001525878906,46.36000061035156,40.3621940612793
01-04-2013,45.810001373291016,46.66999816894531,745300,46.66999816894531,46.349998474121094,40.35348892211914
02-04-2013,46.130001068115234,46.33000183105469,1470300,46.75,46.400001525878906,40.39701843261719
03-04-2013,45.9900016784668,46.34000015258789,1461900,46.54999923706055,46.029998779296875,40.07488250732422
04-04-2013,45.790000915527344,46.189998626708984,663900,46.58000183105469,46.4900016784668,40.47537612915039
05-04-2013,45.439998626708984,45.75,935600,46.81999969482422,46.77000045776367,40.719146728515625
08-04-2013,46.0,46.529998779296875,1002600,46.70000076293945,46.380001068115234,40.37960433959961
09-04-2013,45.97999954223633,45.97999954223633,872400,46.83000183105469,46.279998779296875,40.29254913330078
10-04-2013,45.77000045776367,46.27000045776367,1239400,46.290000915527344,45.9900016784668,40.04006576538086
11-04-2013,45.9900016784668,46.04999923706055,1129300,46.77000045776367,46.16999816894531,40.19676971435547
12-04-2013,45.599998474121094,46.13999938964844,707400,46.63999938964844,45.72999954223633,39.81370162963867
15-04-2013,44.040000915527344,45.63999938964844,1192600,45.72999954223633,44.040000915527344,38.342342376708984
16-04-2013,44.619998931884766,44.689998626708984,1187000,45.119998931884766,44.88999938964844,39.08237075805664
17-04-2013,44.0099983215332,44.68000030517578,661900,44.68000030517578,44.5,38.742820739746094
18-04-2013,44.02000045776367,44.56999969482422,451200,44.7400016784668,44.040000915527344,38.342342376708984
19-04-2013,43.900001525878906,44.119998931884766,1299500,44.369998931884766,44.02000045776367,38.324920654296875
22-04-2013,44.310001373291016,44.45000076293945,1225100,45.599998474121094,45.470001220703125,39.58732986450195
23-04-2013,45.38999938964844,45.470001220703125,1124100,46.599998474121094,46.22999954223633,40.24900436401367
24-04-2013,45.720001220703125,46.130001068115234,923100,46.43000030517578,45.75,39.83110809326172
25-04-2013,45.41999816894531,45.790000915527344,1365100,46.099998474121094,45.52000045776367,39.630863189697266
26-04-2013,45.220001220703125,45.4900016784668,1741000,46.869998931884766,46.150001525878906,40.179359436035156
29-04-2013,46.95000076293945,46.95000076293945,1510600,47.61000061035156,47.18000030517578,41.07609558105469
30-04-2013,47.290000915527344,47.380001068115234,1599600,48.029998779296875,48.02000045776367,41.80742263793945
01-05-2013,47.33000183105469,48.0,977700,48.16999816894531,47.400001525878906,41.267642974853516
02-05-2013,47.41999816894531,47.439998626708984,1040200,47.84000015258789,47.619998931884766,41.45917892456055
03-05-2013,47.75,48.04999923706055,781300,48.150001525878906,47.88999938964844,41.694244384765625
06-05-2013,47.43000030517578,47.790000915527344,1008600,47.88999938964844,47.4900016784668,41.34599685668945
07-05-2013,47.27000045776367,47.4900016784668,818300,47.79999923706055,47.79999923706055,41.61589050292969
08-05-2013,48.810001373291016,49.0,1640200,49.83000183105469,49.83000183105469,43.38326644897461
09-05-2013,49.40999984741211,49.58000183105469,1207100,50.29999923706055,50.150001525878906,43.661865234375
10-05-2013,49.939998626708984,50.0,777800,50.81999969482422,50.77000045776367,44.20165252685547
13-05-2013,50.560001373291016,50.56999969482422,775800,51.220001220703125,50.88999938964844,44.306129455566406
14-05-2013,50.779998779296875,50.849998474121094,725900,51.400001525878906,51.16999816894531,44.549896240234375
15-05-2013,50.22999954223633,50.939998626708984,836600,50.939998626708984,50.540000915527344,44.00140380859375
16-05-2013,49.369998931884766,49.540000915527344,1053900,50.18000030517578,49.79999923706055,43.35715103149414
17-05-2013,49.7599983215332,49.91999816894531,472800,50.279998779296875,50.06999969482422,43.74153518676758
20-05-2013,49.849998474121094,49.9900016784668,427700,50.38999938964844,49.97999954223633,43.66291427612305
21-05-2013,49.59000015258789,49.7599983215332,540700,50.22999954223633,50.08000183105469,43.750267028808594
22-05-2013,49.560001373291016,50.099998474121094,605800,50.810001373291016,49.720001220703125,43.435760498046875
23-05-2013,49.29999923706055,49.4900016784668,777100,50.119998931884766,50.02000045776367,43.69784927368164
24-05-2013,49.04999923706055,49.56999969482422,611500,49.59000015258789,49.43000030517578,43.182411193847656
28-05-2013,49.400001525878906,49.849998474121094,1170700,50.209999084472656,49.77000045776367,43.47944259643555
29-05-2013,49.599998474121094,49.9900016784668,857500,50.11000061035156,49.75,43.461978912353516
30-05-2013,49.650001525878906,49.900001525878906,400600,50.130001068115234,49.84000015258789,43.54060363769531
31-05-2013,47.95000076293945,49.689998626708984,1476500,49.900001525878906,48.0,41.93315887451172
03-06-2013,45.93000030517578,47.959999084472656,2056200,48.0,47.220001220703125,41.25174331665039
04-06-2013,47.38999938964844,47.63999938964844,1495000,48.45000076293945,47.529998779296875,41.52256393432617
05-06-2013,46.630001068115234,47.81999969482422,778300,48.15999984741211,46.72999954223633,40.82368469238281
06-06-2013,44.88999938964844,46.4900016784668,2713000,46.5,45.540000915527344,39.78408432006836
07-06-2013,45.63999938964844,46.11000061035156,1299700,46.470001220703125,45.7400016784668,39.95880889892578
10-06-2013,45.380001068115234,45.869998931884766,596200,46.0,45.90999984741211,40.107330322265625
11-06-2013,44.95000076293945,45.06999969482422,1221800,46.869998931884766,46.79999923706055,40.88483810424805
12-06-2013,46.709999084472656,47.2599983215332,764500,47.70000076293945,46.77000045776367,40.8586311340332
13-06-2013,46.40999984741211,46.880001068115234,651100,47.90999984741211,47.810001373291016,41.767181396484375
14-06-2013,46.970001220703125,47.65999984741211,506200,47.88999938964844,47.34000015258789,41.35658645629883
17-06-2013,47.47999954223633,47.790000915527344,683400,48.2599983215332,47.86000061035156,41.81087112426758
18-06-2013,47.38999938964844,47.65999984741211,591900,47.93000030517578,47.65999984741211,41.636131286621094
19-06-2013,47.310001373291016,47.66999816894531,623100,48.310001373291016,47.34000015258789,41.35658645629883
20-06-2013,45.31999969482422,46.880001068115234,1578100,47.779998779296875,47.2400016784668,41.269222259521484
21-06-2013,47.13999938964844,48.56999969482422,2313200,48.630001068115234,48.369998931884766,42.25639724731445
24-06-2013,47.16999816894531,47.43000030517578,1107500,48.34000015258789,48.11000061035156,42.029266357421875
25-06-2013,47.18000030517578,48.0,1006700,48.400001525878906,47.2400016784668,41.269222259521484
26-06-2013,47.0099983215332,47.16999816894531,731600,47.439998626708984,47.119998931884766,41.16438293457031
27-06-2013,46.72999954223633,47.38999938964844,695500,47.47999954223633,46.7400016784668,40.83241653442383
28-06-2013,45.119998931884766,46.290000915527344,2121400,46.290000915527344,45.130001068115234,39.42592239379883
01-07-2013,44.15999984741211,45.189998626708984,2526600,45.5099983215332,44.689998626708984,39.0415153503418
02-07-2013,44.599998474121094,44.97999954223633,717700,45.310001373291016,44.810001373291016,39.1463623046875
03-07-2013,44.22999954223633,44.84000015258789,954500,45.0099983215332,44.59000015258789,38.95415115356445
05-07-2013,44.5,45.06999969482422,569300,45.20000076293945,44.90999984741211,39.23370361328125
08-07-2013,44.63999938964844,45.099998474121094,927900,45.150001525878906,44.689998626708984,39.0415153503418
09-07-2013,43.7599983215332,44.709999084472656,1556200,44.88999938964844,43.790000915527344,38.25528335571289
10-07-2013,43.189998626708984,43.95000076293945,1819900,44.560001373291016,43.2599983215332,37.79228210449219
11-07-2013,43.93000030517578,44.40999984741211,1220900,44.75,44.349998474121094,38.74449920654297
12-07-2013,44.459999084472656,44.68000030517578,957800,45.099998474121094,44.630001068115234,38.989097595214844
15-07-2013,44.61000061035156,44.72999954223633,698700,45.22999954223633,45.040000915527344,39.347286224365234
16-07-2013,45.060001373291016,45.36000061035156,921600,45.63999938964844,45.13999938964844,39.43464660644531
17-07-2013,44.65999984741211,45.380001068115234,1327400,45.59000015258789,45.130001068115234,39.42592239379883
18-07-2013,44.77000045776367,45.06999969482422,635400,45.40999984741211,44.790000915527344,39.12887954711914
19-07-2013,44.599998474121094,44.70000076293945,1148400,45.650001525878906,45.47999954223633,39.7316780090332
22-07-2013,45.369998931884766,45.400001525878906,721200,45.810001373291016,45.5,39.7491455078125
23-07-2013,45.150001525878906,45.529998779296875,463700,46.15999984741211,45.61000061035156,39.84524154663086
24-07-2013,44.52000045776367,45.650001525878906,856700,45.84000015258789,44.61000061035156,38.97163009643555
25-07-2013,44.5,44.7400016784668,674900,45.5099983215332,45.47999954223633,39.7316780090332
26-07-2013,45.310001373291016,45.400001525878906,672100,45.90999984741211,45.79999923706055,40.011226654052734
29-07-2013,45.599998474121094,45.810001373291016,860300,46.209999084472656,46.150001525878906,40.31698989868164
30-07-2013,46.06999969482422,46.599998474121094,1533900,47.560001373291016,46.83000183105469,40.91103744506836
31-07-2013,46.45000076293945,46.790000915527344,1571000,47.88999938964844,47.650001525878906,41.627403259277344
01-08-2013,47.900001525878906,48.5,2143400,49.439998626708984,48.380001068115234,42.26513671875
02-08-2013,47.400001525878906,50.33000183105469,3045500,51.0,47.88999938964844,41.837059020996094
05-08-2013,47.04999923706055,48.0,1279300,48.25,47.18000030517578,41.216800689697266
06-08-2013,47.529998779296875,48.15999984741211,1451000,48.40999984741211,47.970001220703125,41.90695571899414
07-08-2013,47.849998474121094,47.93000030517578,873600,48.47999954223633,48.34000015258789,42.23017883300781
08-08-2013,49.220001220703125,49.369998931884766,1645200,50.11000061035156,49.88999938964844,43.584285736083984
09-08-2013,49.630001068115234,50.0,894600,50.43000030517578,50.2400016784668,43.89004898071289
12-08-2013,49.5099983215332,50.0,649500,50.130001068115234,49.70000076293945,43.41828918457031
13-08-2013,49.119998931884766,49.79999923706055,723000,50.0,49.16999816894531,42.95528793334961
14-08-2013,48.189998626708984,48.790000915527344,950000,48.95000076293945,48.720001220703125,42.562156677246094
15-08-2013,48.650001525878906,49.09000015258789,625500,50.279998779296875,48.72999954223633,42.57088851928711
16-08-2013,48.70000076293945,48.900001525878906,971900,49.7599983215332,49.52000045776367,43.48413848876953
19-08-2013,49.349998474121094,49.36000061035156,1122500,49.86000061035156,49.5099983215332,43.47534942626953
20-08-2013,49.290000915527344,49.54999923706055,812800,49.779998779296875,49.31999969482422,43.30852127075195
21-08-2013,48.70000076293945,49.75,665200,49.75,48.869998931884766,42.913352966308594
22-08-2013,48.459999084472656,49.20000076293945,547900,49.709999084472656,49.13999938964844,43.15045166015625
23-08-2013,48.52000045776367,49.2400016784668,475800,49.54999923706055,49.18000030517578,43.18557357788086
26-08-2013,49.18000030517578,49.5,666200,49.72999954223633,49.279998779296875,43.273380279541016
27-08-2013,48.70000076293945,49.0,723800,49.25,48.790000915527344,42.843109130859375
28-08-2013,47.959999084472656,48.689998626708984,759500,48.90999984741211,48.20000076293945,42.32501983642578
29-08-2013,47.91999816894531,48.220001220703125,663200,48.459999084472656,48.22999954223633,42.35136032104492
30-08-2013,47.0,48.25,1583300,48.529998779296875,47.2400016784668,41.48203659057617
03-09-2013,47.18000030517578,47.72999954223633,1260200,47.90999984741211,47.4900016784668,41.70156478881836
04-09-2013,47.119998931884766,47.369998931884766,565200,47.97999954223633,47.939998626708984,42.09672164916992
05-09-2013,47.939998626708984,48.04999923706055,938300,49.380001068115234,49.189998626708984,43.19435119628906
06-09-2013,49.040000915527344,49.529998779296875,749100,49.720001220703125,49.150001525878906,43.15924072265625
09-09-2013,49.34000015258789,49.380001068115234,869100,50.70000076293945,50.66999816894531,44.493961334228516
10-09-2013,50.689998626708984,50.7599983215332,1048900,52.290000915527344,52.2599983215332,45.890159606933594
11-09-2013,51.84000015258789,52.04999923706055,1388900,52.7400016784668,52.0099983215332,45.67063522338867
12-09-2013,51.88999938964844,51.88999938964844,909300,52.599998474121094,52.380001068115234,45.99552917480469
13-09-2013,52.119998931884766,52.31999969482422,540600,52.77000045776367,52.68000030517578,46.258968353271484
16-09-2013,52.959999084472656,53.33000183105469,523500,53.630001068115234,53.41999816894531,46.90876388549805
17-09-2013,53.439998626708984,53.5,789900,53.95000076293945,53.72999954223633,47.18098449707031
18-09-2013,52.7400016784668,53.83000183105469,1046800,54.38999938964844,54.36000061035156,47.73420333862305
19-09-2013,53.65999984741211,54.20000076293945,575200,54.34000015258789,53.790000915527344,47.233680725097656
20-09-2013,52.70000076293945,53.5099983215332,1347800,53.7400016784668,52.70000076293945,46.276519775390625
23-09-2013,52.65999984741211,53.0,673500,53.400001525878906,52.81999969482422,46.38191604614258
24-09-2013,52.52000045776367,52.79999923706055,1056100,53.2599983215332,52.54999923706055,46.14481735229492
25-09-2013,52.630001068115234,52.83000183105469,628300,53.130001068115234,52.70000076293945,46.276519775390625
26-09-2013,52.61000061035156,53.209999084472656,755300,53.470001220703125,52.900001525878906,46.4521598815918
27-09-2013,52.25,52.61000061035156,794500,52.84000015258789,52.70000076293945,46.276519775390625
30-09-2013,52.310001373291016,52.349998474121094,1309600,53.0,52.81999969482422,46.38191604614258
01-10-2013,52.63999938964844,53.029998779296875,1630500,53.68000030517578,53.40999984741211,46.899993896484375
02-10-2013,52.220001220703125,52.709999084472656,1093100,53.34000015258789,53.189998626708984,46.70679473876953
03-10-2013,53.189998626708984,53.34000015258789,1229000,53.900001525878906,53.369998931884766,46.864864349365234
04-10-2013,53.369998931884766,53.5,783900,54.040000915527344,54.0099983215332,47.426849365234375
07-10-2013,53.15999984741211,53.41999816894531,1153600,54.45000076293945,53.68000030517578,47.13707733154297
08-10-2013,52.84000015258789,53.529998779296875,1109100,53.83000183105469,52.900001525878906,46.4521598815918
09-10-2013,53.13999938964844,53.209999084472656,1485000,54.470001220703125,54.29999923706055,47.681522369384766
10-10-2013,54.709999084472656,54.79999923706055,1152500,55.90999984741211,55.90999984741211,49.09527587890625
11-10-2013,55.290000915527344,55.540000915527344,945100,56.33000183105469,56.13999938964844,49.297237396240234
14-10-2013,55.15999984741211,56.08000183105469,1237400,56.11000061035156,56.029998779296875,49.200645446777344
15-10-2013,55.0099983215332,56.09000015258789,750200,56.279998779296875,55.16999816894531,48.445457458496094
16-10-2013,55.34000015258789,55.34000015258789,1015000,56.0,55.90999984741211,49.09527587890625
17-10-2013,55.619998931884766,55.790000915527344,1161900,56.040000915527344,55.869998931884766,49.06014633178711
18-10-2013,55.63999938964844,55.970001220703125,1231200,56.52000045776367,56.220001220703125,49.367488861083984
21-10-2013,56.209999084472656,56.47999954223633,1223700,56.779998779296875,56.34000015258789,49.472862243652344
22-10-2013,56.47999954223633,56.9900016784668,1093000,57.34000015258789,56.90999984741211,49.97338104248047
23-10-2013,56.349998474121094,56.599998474121094,701000,57.13999938964844,57.11000061035156,50.149009704589844
24-10-2013,55.86000061035156,56.349998474121094,1838600,56.70000076293945,56.310001373291016,49.44652557373047
25-10-2013,48.720001220703125,50.970001220703125,6832300,51.68000030517578,49.54999923706055,43.510475158691406
28-10-2013,49.38999938964844,50.7400016784668,3704400,51.119998931884766,50.130001068115234,44.019775390625
29-10-2013,50.2400016784668,50.43000030517578,1742400,50.790000915527344,50.689998626708984,44.51150894165039
30-10-2013,50.540000915527344,51.400001525878906,1749100,51.529998779296875,51.45000076293945,45.178890228271484
31-10-2013,51.15999984741211,51.310001373291016,1649200,51.849998474121094,51.7400016784668,45.43354797363281
01-11-2013,50.33000183105469,51.56999969482422,1037200,51.58000183105469,50.900001525878906,44.695926666259766
04-11-2013,50.349998474121094,50.790000915527344,557800,50.88999938964844,50.779998779296875,44.59055709838867
05-11-2013,50.20000076293945,50.45000076293945,905600,50.65999984741211,50.400001525878906,44.25686264038086
06-11-2013,49.79999923706055,50.41999816894531,825100,50.5,49.880001068115234,43.800254821777344
07-11-2013,49.25,50.13999938964844,1439300,50.439998626708984,49.29999923706055,43.29094696044922
08-11-2013,49.5,49.5,853700,50.63999938964844,50.61000061035156,44.4412841796875
11-11-2013,50.41999816894531,50.5099983215332,708900,50.86000061035156,50.7400016784668,44.55543899536133
12-11-2013,49.72999954223633,50.529998779296875,879000,50.58000183105469,49.970001220703125,43.8792839050293
13-11-2013,50.029998779296875,50.029998779296875,1356700,51.2599983215332,51.25,45.003273010253906
14-11-2013,50.619998931884766,50.77000045776367,891300,51.689998626708984,51.5,45.22279357910156
15-11-2013,50.560001373291016,51.43000030517578,963400,51.47999954223633,51.04999923706055,45.046321868896484
18-11-2013,50.54999923706055,51.0,606600,51.310001373291016,50.72999954223633,44.763946533203125
19-11-2013,50.52000045776367,50.54999923706055,969500,51.209999084472656,50.88999938964844,44.90513610839844
20-11-2013,50.9900016784668,51.25,979400,51.5,51.25,45.222801208496094
21-11-2013,50.720001220703125,51.29999923706055,951000,51.29999923706055,50.810001373291016,44.834537506103516
22-11-2013,50.54999923706055,50.689998626708984,319600,51.150001525878906,51.08000183105469,45.072784423828125
25-11-2013,50.68000030517578,51.02000045776367,427100,51.189998626708984,50.72999954223633,44.763946533203125
26-11-2013,49.040000915527344,49.880001068115234,1611200,49.880001068115234,49.56999969482422,43.7403678894043
27-11-2013,48.439998626708984,49.34000015258789,1748300,49.40999984741211,48.66999816894531,42.946224212646484
29-11-2013,48.150001525878906,48.56999969482422,522200,48.97999954223633,48.810001373291016,43.069740295410156
02-12-2013,48.36000061035156,48.810001373291016,878000,49.40999984741211,48.84000015258789,43.096229553222656
03-12-2013,48.25,48.84000015258789,2094400,49.279998779296875,48.720001220703125,42.990325927734375
04-12-2013,46.7400016784668,47.95000076293945,2276600,47.97999954223633,47.20000076293945,41.64908981323242
05-12-2013,46.79999923706055,47.08000183105469,923100,47.41999816894531,47.22999954223633,41.67556381225586
06-12-2013,47.099998474121094,47.099998474121094,1007900,48.04999923706055,47.880001068115234,42.24913024902344
09-12-2013,47.61000061035156,47.970001220703125,1083000,48.349998474121094,48.130001068115234,42.469722747802734
10-12-2013,46.880001068115234,47.4900016784668,1341800,47.97999954223633,47.41999816894531,41.84320831298828
11-12-2013,45.310001373291016,47.5,2040800,47.5,45.4900016784668,40.140201568603516
12-12-2013,45.13999938964844,47.599998474121094,1422200,47.599998474121094,45.36000061035156,40.025482177734375
13-12-2013,46.25,46.279998779296875,2351300,46.81999969482422,46.459999084472656,40.996116638183594
16-12-2013,46.11000061035156,46.75,1114300,46.90999984741211,46.150001525878906,40.72257995605469
17-12-2013,45.5099983215332,46.310001373291016,1476400,46.31999969482422,45.86000061035156,40.46668243408203
18-12-2013,45.380001068115234,45.650001525878906,1295300,46.040000915527344,45.77000045776367,40.387271881103516
19-12-2013,45.25,45.709999084472656,1796200,45.79999923706055,45.650001525878906,40.28137969970703
20-12-2013,45.95000076293945,46.06999969482422,1618600,46.56999969482422,46.09000015258789,40.669620513916016
23-12-2013,46.25,46.4900016784668,610700,46.650001525878906,46.61000061035156,41.12847900390625
24-12-2013,46.709999084472656,46.88999938964844,241700,47.119998931884766,46.95000076293945,41.428489685058594
26-12-2013,46.9900016784668,46.9900016784668,633300,47.38999938964844,47.279998779296875,41.71968460083008
27-12-2013,46.709999084472656,47.279998779296875,434700,47.290000915527344,46.959999084472656,41.437320709228516
30-12-2013,47.130001068115234,47.16999816894531,750900,47.63999938964844,47.209999084472656,41.65791320800781
31-12-2013,46.97999954223633,47.27000045776367,480800,47.59000015258789,47.08000183105469,41.5432014465332
02-01-2014,46.130001068115234,47.0099983215332,773400,47.0099983215332,46.20000076293945,40.766693115234375
03-01-2014,46.59000015258789,46.849998474121094,958000,47.5,46.75,41.252017974853516
06-01-2014,46.209999084472656,46.400001525878906,1177000,46.72999954223633,46.31999969482422,40.87258529663086
07-01-2014,46.5,46.52000045776367,990700,47.75,47.40999984741211,41.83439254760742
08-01-2014,47.060001373291016,47.310001373291016,928900,47.959999084472656,47.790000915527344,42.169708251953125
09-01-2014,47.34000015258789,47.63999938964844,1250900,48.33000183105469,47.81999969482422,42.19618225097656
10-01-2014,47.560001373291016,47.77000045776367,516200,47.97999954223633,47.779998779296875,42.160884857177734
13-01-2014,46.599998474121094,47.70000076293945,1057700,47.91999816894531,46.83000183105469,41.322601318359375
14-01-2014,45.709999084472656,46.709999084472656,1914500,46.709999084472656,45.869998931884766,40.47550582885742
15-01-2014,45.90999984741211,46.189998626708984,1058200,46.709999084472656,46.689998626708984,41.19906234741211
16-01-2014,45.66999816894531,46.04999923706055,1093400,46.13999938964844,45.810001373291016,40.42256546020508
17-01-2014,44.900001525878906,45.060001373291016,1011700,46.029998779296875,45.630001068115234,40.26373291015625
21-01-2014,44.619998931884766,45.0,1391900,46.31999969482422,46.099998474121094,40.678466796875
22-01-2014,46.130001068115234,46.150001525878906,1394300,46.790000915527344,46.52000045776367,41.049068450927734
23-01-2014,46.189998626708984,46.400001525878906,1858200,47.380001068115234,46.880001068115234,41.36673355102539
24-01-2014,43.02000045776367,43.290000915527344,4123900,44.2400016784668,43.880001068115234,38.71955108642578
27-01-2014,43.56999969482422,43.84000015258789,1681100,44.06999969482422,43.810001373291016,38.65777587890625
28-01-2014,43.5,43.5,889400,44.16999816894531,44.099998474121094,38.913665771484375
29-01-2014,43.04999923706055,43.15999984741211,1266900,43.88999938964844,43.61000061035156,38.481285095214844
30-01-2014,43.08000183105469,43.130001068115234,704500,44.130001068115234,43.939998626708984,38.77248001098633
31-01-2014,43.36000061035156,43.68000030517578,753000,43.869998931884766,43.61000061035156,38.481285095214844
03-02-2014,41.52000045776367,43.369998931884766,3056000,43.40999984741211,42.029998779296875,37.08709716796875
04-02-2014,42.400001525878906,42.709999084472656,1605300,43.25,43.11000061035156,38.040096282958984
05-02-2014,42.83000183105469,43.15999984741211,1189900,43.90999984741211,43.47999954223633,38.366580963134766
06-02-2014,43.4900016784668,43.88999938964844,1290500,44.38999938964844,43.689998626708984,38.551883697509766
07-02-2014,43.040000915527344,43.619998931884766,769900,43.66999816894531,43.66999816894531,38.53422927856445
10-02-2014,43.95000076293945,43.9900016784668,1391600,45.709999084472656,45.58000183105469,40.21962356567383
11-02-2014,45.08000183105469,45.790000915527344,1323600,45.959999084472656,45.529998779296875,40.17549133300781
12-02-2014,45.529998779296875,45.529998779296875,1589700,46.119998931884766,45.93000030517578,40.52843475341797
13-02-2014,45.36000061035156,45.5,657400,46.0,45.970001220703125,40.563758850097656
14-02-2014,45.56999969482422,45.779998779296875,407900,45.959999084472656,45.7400016784668,40.58150100708008
18-02-2014,45.939998626708984,46.0,1104100,46.45000076293945,46.130001068115234,40.92751693725586
19-02-2014,45.380001068115234,45.83000183105469,946000,46.279998779296875,46.13999938964844,40.93638229370117
20-02-2014,45.869998931884766,46.150001525878906,926900,46.599998474121094,46.540000915527344,41.29126739501953
21-02-2014,46.13999938964844,46.75,528400,46.75,46.2599983215332,41.04283142089844
24-02-2014,45.7599983215332,46.209999084472656,822200,46.63999938964844,46.27000045776367,41.051719665527344
25-02-2014,44.43000030517578,46.29999923706055,2251400,46.29999923706055,44.650001525878906,39.61441421508789
26-02-2014,43.619998931884766,44.63999938964844,2153600,44.7599983215332,43.81999969482422,38.87801742553711
27-02-2014,42.47999954223633,42.900001525878906,3225300,44.349998474121094,44.209999084472656,39.22403335571289
28-02-2014,43.279998779296875,43.380001068115234,1893500,44.95000076293945,44.02000045776367,39.05546569824219
03-03-2014,42.189998626708984,42.77000045776367,708100,43.90999984741211,43.4900016784668,38.585243225097656
04-03-2014,43.849998474121094,44.0099983215332,911600,44.560001373291016,44.11000061035156,39.135318756103516
05-03-2014,44.08000183105469,44.36000061035156,614800,44.63999938964844,44.220001220703125,39.232913970947266
06-03-2014,43.81999969482422,43.97999954223633,500700,44.22999954223633,44.0099983215332,39.046592712402344
07-03-2014,44.06999969482422,44.65999984741211,800400,44.720001220703125,44.209999084472656,39.22403335571289
10-03-2014,44.20000076293945,44.310001373291016,908700,44.650001525878906,44.529998779296875,39.507957458496094
11-03-2014,44.18000030517578,44.68000030517578,549200,44.7599983215332,44.4900016784668,39.47245407104492
12-03-2014,44.58000183105469,44.65999984741211,1006900,45.45000076293945,45.11000061035156,40.02253341674805
13-03-2014,43.880001068115234,44.959999084472656,1021500,45.02000045776367,43.970001220703125,39.011104583740234
14-03-2014,43.099998474121094,43.70000076293945,949100,43.84000015258789,43.310001373291016,38.425540924072266
17-03-2014,43.400001525878906,44.119998931884766,809400,44.209999084472656,43.72999954223633,38.79817581176758
18-03-2014,43.7599983215332,43.81999969482422,608300,44.349998474121094,44.2400016784668,39.25065231323242
19-03-2014,44.5,44.68000030517578,1131000,45.029998779296875,44.540000915527344,39.51682662963867
20-03-2014,43.7400016784668,44.310001373291016,925000,44.459999084472656,43.869998931884766,38.92237854003906
21-03-2014,43.0,44.25,1735400,44.45000076293945,43.54999923706055,38.63848114013672
24-03-2014,42.65999984741211,43.93000030517578,1168600,44.0099983215332,42.970001220703125,38.1239013671875
25-03-2014,42.84000015258789,43.0,718000,43.650001525878906,43.630001068115234,38.7094612121582
26-03-2014,43.4900016784668,43.880001068115234,622800,43.97999954223633,43.560001373291016,38.647361755371094
27-03-2014,43.400001525878906,43.66999816894531,734500,44.119998931884766,43.70000076293945,38.771549224853516
28-03-2014,43.84000015258789,43.97999954223633,460900,44.61000061035156,43.88999938964844,38.94013214111328
31-03-2014,43.7599983215332,44.18000030517578,537500,44.81999969482422,44.689998626708984,39.64989471435547
01-04-2014,44.630001068115234,44.689998626708984,1533800,45.279998779296875,45.2400016784668,40.13787841796875
02-04-2014,44.869998931884766,44.9900016784668,504700,45.400001525878906,45.349998474121094,40.235477447509766
03-04-2014,44.56999969482422,44.56999969482422,698900,45.0099983215332,44.779998779296875,39.72975540161133
04-04-2014,44.709999084472656,44.95000076293945,509600,45.7400016784668,44.810001373291016,39.756378173828125
07-04-2014,44.58000183105469,45.220001220703125,1482100,45.619998931884766,45.0099983215332,39.9338264465332
08-04-2014,45.130001068115234,45.72999954223633,869200,45.91999816894531,45.310001373291016,40.199981689453125
09-04-2014,44.529998779296875,45.400001525878906,831500,45.45000076293945,45.439998626708984,40.31532287597656
10-04-2014,45.0099983215332,45.52000045776367,1134700,45.529998779296875,45.20000076293945,40.102386474609375
11-04-2014,44.369998931884766,44.95000076293945,766800,45.130001068115234,44.43000030517578,39.41923141479492
14-04-2014,44.2599983215332,44.560001373291016,1244300,46.06999969482422,45.95000076293945,40.76780700683594
15-04-2014,45.58000183105469,45.599998474121094,2363200,46.880001068115234,46.849998474121094,41.56630325317383
16-04-2014,46.25,47.25,767600,47.38999938964844,46.4900016784668,41.24689865112305
17-04-2014,46.470001220703125,46.93000030517578,1415200,47.4900016784668,47.439998626708984,42.08975601196289
21-04-2014,47.06999969482422,47.31999969482422,2309200,48.40999984741211,47.380001068115234,42.03654098510742
22-04-2014,47.16999816894531,47.40999984741211,824200,47.650001525878906,47.599998474121094,42.23171615600586
23-04-2014,46.06999969482422,47.52000045776367,1259700,47.52000045776367,46.75,41.47758102416992
24-04-2014,46.75,48.529998779296875,2762000,49.459999084472656,47.40999984741211,42.063148498535156
25-04-2014,47.13999938964844,47.220001220703125,1215100,47.90999984741211,47.83000183105469,42.4357795715332
28-04-2014,47.40999984741211,48.290000915527344,1045200,48.470001220703125,48.150001525878906,42.71969223022461
29-04-2014,48.79999923706055,48.9900016784668,1935100,50.5099983215332,50.02000045776367,44.378807067871094
30-04-2014,49.43000030517578,50.0,1227600,50.02000045776367,49.849998474121094,44.22797393798828
01-05-2014,49.650001525878906,49.79999923706055,839200,50.099998474121094,49.880001068115234,44.25457763671875
02-05-2014,49.43000030517578,49.72999954223633,816500,50.0099983215332,49.88999938964844,44.26346206665039
05-05-2014,49.029998779296875,49.75,620800,50.349998474121094,50.13999938964844,44.48527145385742
06-05-2014,49.5,50.0,645100,50.08000183105469,49.810001373291016,44.192481994628906
07-05-2014,49.310001373291016,49.90999984741211,841700,49.9900016784668,49.970001220703125,44.33444595336914
08-05-2014,49.720001220703125,49.79999923706055,732200,50.27000045776367,49.9900016784668,44.3521728515625
09-05-2014,49.5,49.70000076293945,890600,50.65999984741211,50.650001525878906,44.93775177001953
12-05-2014,50.560001373291016,50.650001525878906,796800,51.540000915527344,51.43000030517578,45.62977600097656
13-05-2014,50.66999816894531,51.2599983215332,854600,51.34000015258789,51.0,45.248260498046875
14-05-2014,50.45000076293945,50.91999816894531,563600,50.95000076293945,50.599998474121094,44.89338302612305
15-05-2014,49.779998779296875,50.540000915527344,1237000,50.9900016784668,50.09000015258789,44.44089889526367
16-05-2014,49.720001220703125,49.869998931884766,531400,50.619998931884766,50.56999969482422,45.09181594848633
19-05-2014,50.130001068115234,50.43000030517578,593800,50.7599983215332,50.650001525878906,45.16316223144531
20-05-2014,50.02000045776367,50.470001220703125,700200,50.720001220703125,50.060001373291016,44.63706970214844
21-05-2014,49.900001525878906,50.16999816894531,494000,50.459999084472656,50.2400016784668,44.79756546020508
22-05-2014,50.15999984741211,50.349998474121094,478700,50.9900016784668,50.93000030517578,45.412818908691406
23-05-2014,48.88999938964844,50.279998779296875,1564200,50.29999923706055,50.040000915527344,44.61924362182617
27-05-2014,49.349998474121094,50.130001068115234,845200,50.43000030517578,49.619998931884766,44.24473571777344
28-05-2014,49.33000183105469,49.540000915527344,537100,49.900001525878906,49.61000061035156,44.23582458496094
29-05-2014,49.66999816894531,49.84000015258789,639500,50.7400016784668,50.209999084472656,44.77080535888672
30-05-2014,49.86000061035156,50.29999923706055,425600,50.400001525878906,50.060001373291016,44.63706970214844
02-06-2014,49.41999816894531,50.06999969482422,805100,50.22999954223633,49.86000061035156,44.4587287902832
03-06-2014,49.45000076293945,49.630001068115234,419200,50.220001220703125,49.75,44.360633850097656
04-06-2014,49.779998779296875,49.779998779296875,338200,50.310001373291016,50.20000076293945,44.76189422607422
05-06-2014,50.43000030517578,50.459999084472656,529800,51.439998626708984,51.290000915527344,45.733821868896484
06-06-2014,51.189998626708984,51.61000061035156,401200,51.83000183105469,51.31999969482422,45.76057434082031
09-06-2014,51.13999938964844,51.15999984741211,316300,51.61000061035156,51.599998474121094,46.01022720336914
10-06-2014,51.70000076293945,51.720001220703125,642700,52.70000076293945,52.56999969482422,46.875160217285156
11-06-2014,52.11000061035156,52.369998931884766,582800,53.029998779296875,53.0,47.25859069824219
12-06-2014,52.880001068115234,53.0,825600,53.81999969482422,53.7599983215332,47.93625259399414
13-06-2014,53.09000015258789,53.66999816894531,434800,53.91999816894531,53.150001525878906,47.3923454284668
16-06-2014,52.7599983215332,53.11000061035156,430000,53.40999984741211,53.02000045776367,47.27641677856445
17-06-2014,52.470001220703125,52.880001068115234,677900,53.52000045776367,52.689998626708984,46.98215103149414
18-06-2014,52.59000015258789,52.70000076293945,273500,53.119998931884766,53.060001373291016,47.31208801269531
19-06-2014,53.130001068115234,53.31999969482422,323300,53.560001373291016,53.189998626708984,47.42799377441406
20-06-2014,51.119998931884766,52.47999954223633,1637800,52.95000076293945,51.540000915527344,45.956748962402344
23-06-2014,51.540000915527344,51.54999923706055,660700,52.560001373291016,51.88999938964844,46.268829345703125
24-06-2014,51.189998626708984,51.79999923706055,609500,51.970001220703125,51.20000076293945,45.65357971191406
25-06-2014,51.20000076293945,51.25,544300,51.88999938964844,51.59000015258789,46.0013313293457
26-06-2014,50.5,51.529998779296875,760300,51.869998931884766,51.84000015258789,46.22423553466797
27-06-2014,51.75,51.849998474121094,885200,52.5099983215332,52.459999084472656,46.77707290649414
30-06-2014,50.209999084472656,51.66999816894531,1497700,52.130001068115234,50.630001068115234,45.145320892333984
01-07-2014,49.52000045776367,50.11000061035156,2194400,50.56999969482422,49.86000061035156,44.4587287902832
02-07-2014,49.959999084472656,50.31999969482422,1222000,51.13999938964844,50.5,45.029396057128906
03-07-2014,49.7599983215332,50.040000915527344,1237500,50.25,50.08000183105469,44.65489959716797
07-07-2014,49.459999084472656,49.84000015258789,693300,50.0,49.61000061035156,44.23582458496094
08-07-2014,48.90999984741211,49.36000061035156,901300,49.470001220703125,48.95000076293945,43.64731979370117
09-07-2014,49.130001068115234,49.27000045776367,873000,49.52000045776367,49.36000061035156,44.01290512084961
10-07-2014,48.880001068115234,48.880001068115234,847500,49.84000015258789,49.59000015258789,44.21798324584961
11-07-2014,49.0099983215332,49.56999969482422,681700,49.599998474121094,49.2599983215332,43.923736572265625
14-07-2014,49.09000015258789,49.5,632800,49.5,49.31999969482422,43.97723388671875
15-07-2014,49.130001068115234,49.220001220703125,499400,49.54999923706055,49.13999938964844,43.81673049926758
16-07-2014,48.54999923706055,49.27000045776367,1147700,49.38999938964844,48.689998626708984,43.41547775268555
17-07-2014,48.56999969482422,48.86000061035156,857100,49.15999984741211,48.650001525878906,43.37981414794922
18-07-2014,48.689998626708984,48.97999954223633,718900,49.5,49.43000030517578,44.07530975341797
21-07-2014,48.66999816894531,49.08000183105469,522200,49.25,48.93000030517578,43.62948226928711
22-07-2014,49.310001373291016,49.47999954223633,556700,49.869998931884766,49.75,44.360633850097656
23-07-2014,49.54999923706055,49.7599983215332,463000,50.220001220703125,50.16999816894531,44.73514175415039
24-07-2014,50.04999923706055,50.16999816894531,419400,50.599998474121094,50.279998779296875,44.8332405090332
25-07-2014,50.59000015258789,50.650001525878906,578700,51.130001068115234,51.099998474121094,45.56441116333008
28-07-2014,50.47999954223633,51.0,706100,51.150001525878906,51.0,45.47522735595703
29-07-2014,49.7400016784668,50.95000076293945,796600,51.779998779296875,51.400001525878906,45.83190155029297
30-07-2014,51.06999969482422,51.599998474121094,922400,51.83000183105469,51.79999923706055,46.188575744628906
31-07-2014,50.84000015258789,51.400001525878906,1286500,51.83000183105469,51.7400016784668,46.13507080078125
01-08-2014,46.4900016784668,46.4900016784668,4146200,50.349998474121094,49.68000030517578,44.29822540283203
04-08-2014,47.97999954223633,49.529998779296875,1156500,49.529998779296875,49.369998931884766,44.021812438964844
05-08-2014,48.959999084472656,49.369998931884766,820900,49.79999923706055,49.40999984741211,44.0574836730957
06-08-2014,48.88999938964844,49.20000076293945,665400,50.290000915527344,50.209999084472656,44.77080535888672
07-08-2014,49.68000030517578,49.83000183105469,963500,50.349998474121094,49.970001220703125,44.55682373046875
08-08-2014,49.369998931884766,49.790000915527344,783100,50.84000015258789,50.38999938964844,44.93131637573242
11-08-2014,50.209999084472656,50.349998474121094,1387100,51.58000183105469,51.380001068115234,45.81407165527344
12-08-2014,50.9900016784668,51.16999816894531,621200,51.43000030517578,51.150001525878906,45.60898971557617
13-08-2014,51.11000061035156,51.11000061035156,962800,51.560001373291016,51.34000015258789,45.77840805053711
14-08-2014,51.13999938964844,51.27000045776367,960500,51.61000061035156,51.540000915527344,45.956748962402344
15-08-2014,51.040000915527344,51.7599983215332,523400,51.970001220703125,51.400001525878906,45.83190155029297
18-08-2014,51.369998931884766,51.47999954223633,639300,52.099998474121094,51.65999984741211,46.06373977661133
19-08-2014,51.13999938964844,51.689998626708984,817800,51.689998626708984,51.529998779296875,46.19821548461914
20-08-2014,51.70000076293945,51.959999084472656,752200,52.279998779296875,52.06999969482422,46.682342529296875
21-08-2014,51.459999084472656,52.02000045776367,566100,52.02000045776367,51.75,46.39545822143555
22-08-2014,51.7400016784668,51.7400016784668,515100,52.16999816894531,51.880001068115234,46.51201248168945
25-08-2014,51.220001220703125,51.91999816894531,535000,52.02000045776367,51.45000076293945,46.126502990722656
26-08-2014,51.689998626708984,51.689998626708984,636300,52.31999969482422,52.119998931884766,46.72718048095703
27-08-2014,52.34000015258789,52.5,494700,52.650001525878906,52.5,47.06785202026367
28-08-2014,52.650001525878906,52.66999816894531,908800,53.13999938964844,52.93000030517578,47.45336151123047
29-08-2014,53.0099983215332,53.18000030517578,576800,53.5,53.04999923706055,47.56095504760742
02-09-2014,52.79999923706055,53.0,924000,53.43000030517578,52.88999938964844,47.41749572753906
03-09-2014,53.16999816894531,53.25,876200,53.4900016784668,53.29999923706055,47.785072326660156
04-09-2014,53.2400016784668,53.5,779000,53.65999984741211,53.349998474121094,47.82991027832031
05-09-2014,52.52000045776367,53.34000015258789,449700,53.54999923706055,52.97999954223633,47.49818420410156
08-09-2014,52.58000183105469,53.060001373291016,607900,53.2400016784668,52.810001373291016,47.345787048339844
09-09-2014,52.47999954223633,52.83000183105469,696600,52.849998474121094,52.5,47.06785202026367
10-09-2014,52.349998474121094,52.689998626708984,410400,52.86000061035156,52.61000061035156,47.166465759277344
11-09-2014,52.52000045776367,52.52000045776367,821600,52.970001220703125,52.790000915527344,47.327842712402344
12-09-2014,52.29999923706055,52.81999969482422,677300,52.880001068115234,52.5,47.06785202026367
15-09-2014,52.20000076293945,52.599998474121094,765600,52.599998474121094,52.43000030517578,47.005088806152344
16-09-2014,51.900001525878906,52.220001220703125,754400,52.59000015258789,52.099998474121094,46.7092399597168
17-09-2014,51.540000915527344,52.22999954223633,922600,52.29999923706055,51.560001373291016,46.22511672973633
18-09-2014,51.380001068115234,51.58000183105469,561400,51.779998779296875,51.58000183105469,46.24304962158203
19-09-2014,51.2400016784668,51.970001220703125,857000,52.02000045776367,51.290000915527344,45.98305892944336
22-09-2014,50.380001068115234,51.209999084472656,723600,51.209999084472656,50.400001525878906,45.18513107299805
23-09-2014,50.02000045776367,50.400001525878906,647100,50.61000061035156,50.15999984741211,44.96996307373047
24-09-2014,49.91999816894531,50.2400016784668,454400,50.2400016784668,50.130001068115234,44.943077087402344
25-09-2014,49.31999969482422,49.95000076293945,716900,50.0099983215332,49.83000183105469,44.67412567138672
26-09-2014,49.2599983215332,49.93000030517578,844400,49.95000076293945,49.77000045776367,44.62032699584961
29-09-2014,49.08000183105469,49.459999084472656,646600,50.15999984741211,49.970001220703125,44.79963684082031
30-09-2014,49.25,49.84000015258789,748000,49.84000015258789,49.27000045776367,44.172061920166016
01-10-2014,49.029998779296875,49.11000061035156,1068700,49.97999954223633,49.5,44.37826156616211
02-10-2014,49.130001068115234,49.369998931884766,1049700,49.869998931884766,49.84000015258789,44.6830940246582
03-10-2014,49.56999969482422,49.83000183105469,978800,50.400001525878906,50.22999954223633,45.03273010253906
06-10-2014,50.58000183105469,50.58000183105469,767600,51.529998779296875,51.33000183105469,46.0189094543457
07-10-2014,50.4900016784668,50.84000015258789,842200,51.16999816894531,50.709999084472656,45.46306228637695
08-10-2014,50.060001373291016,50.369998931884766,1291300,50.959999084472656,50.86000061035156,45.59754943847656
09-10-2014,47.900001525878906,50.63999938964844,3955400,50.75,48.939998626708984,43.8762092590332
10-10-2014,47.95000076293945,48.45000076293945,1752700,49.310001373291016,48.540000915527344,43.51759719848633
13-10-2014,47.560001373291016,48.29999923706055,1443200,48.869998931884766,48.459999084472656,43.445865631103516
14-10-2014,47.65999984741211,48.5,1501100,48.5,47.810001373291016,42.86313247680664
15-10-2014,46.2400016784668,47.09000015258789,2650400,47.279998779296875,46.849998474121094,42.00245666503906
16-10-2014,45.7400016784668,45.83000183105469,1609800,46.599998474121094,46.25,41.46452713012695
17-10-2014,46.290000915527344,46.779998779296875,1649000,47.56999969482422,46.77000045776367,41.93073272705078
20-10-2014,46.5099983215332,46.540000915527344,1238000,47.09000015258789,47.040000915527344,42.17279815673828
21-10-2014,47.40999984741211,47.45000076293945,1397600,48.11000061035156,48.02000045776367,43.051387786865234
22-10-2014,47.38999938964844,47.97999954223633,1014700,48.18000030517578,47.5,42.58518981933594
23-10-2014,47.459999084472656,47.599998474121094,1153400,48.099998474121094,47.70000076293945,42.76449966430664
24-10-2014,50.86000061035156,52.40999984741211,2924900,53.5,52.02000045776367,46.63752365112305
27-10-2014,50.81999969482422,51.790000915527344,1582400,51.880001068115234,51.54999923706055,46.21614074707031
28-10-2014,51.52000045776367,51.75,1166500,52.470001220703125,52.34000015258789,46.924400329589844
29-10-2014,51.66999816894531,52.220001220703125,919600,52.5,51.810001373291016,46.44925308227539
30-10-2014,51.380001068115234,51.58000183105469,759300,52.13999938964844,52.11000061035156,46.718204498291016
31-10-2014,51.939998626708984,52.40999984741211,1114900,52.540000915527344,52.220001220703125,46.816829681396484
03-11-2014,51.52000045776367,52.0,622900,52.08000183105469,51.709999084472656,46.35959243774414
04-11-2014,51.34000015258789,51.34000015258789,345300,51.86000061035156,51.810001373291016,46.44925308227539
05-11-2014,51.349998474121094,52.0,539200,52.04999923706055,51.45000076293945,46.126502990722656
06-11-2014,51.13999938964844,51.439998626708984,410700,51.650001525878906,51.56999969482422,46.23408126831055
07-11-2014,50.959999084472656,51.54999923706055,525300,51.54999923706055,51.13999938964844,45.84858322143555
10-11-2014,50.880001068115234,51.04999923706055,443100,51.470001220703125,51.02000045776367,45.740989685058594
11-11-2014,50.779998779296875,51.060001373291016,379800,51.470001220703125,51.150001525878906,45.85753631591797
12-11-2014,51.04999923706055,51.130001068115234,1099500,52.349998474121094,52.22999954223633,46.825782775878906
13-11-2014,51.95000076293945,52.06999969482422,588200,52.4900016784668,51.9900016784668,46.610626220703125
14-11-2014,51.7400016784668,52.060001373291016,600700,52.380001068115234,52.369998931884766,46.951297760009766
17-11-2014,51.65999984741211,52.099998474121094,1039200,52.400001525878906,52.27000045776367,46.861656188964844
18-11-2014,51.90999984741211,51.9900016784668,1279100,52.59000015258789,52.31999969482422,47.159095764160156
19-11-2014,51.720001220703125,52.25,725100,52.47999954223633,52.02000045776367,46.888694763183594
20-11-2014,51.709999084472656,51.790000915527344,563200,52.540000915527344,52.5,47.32134246826172
21-11-2014,52.25,52.630001068115234,793900,52.849998474121094,52.849998474121094,47.63681411743164
24-11-2014,52.04999923706055,52.5,921800,52.849998474121094,52.83000183105469,47.61880111694336
25-11-2014,52.59000015258789,52.91999816894531,739100,53.2400016784668,53.04999923706055,47.817100524902344
26-11-2014,53.0099983215332,53.119998931884766,731500,53.7599983215332,53.650001525878906,48.357906341552734
28-11-2014,53.0,53.099998474121094,465300,53.720001220703125,53.20000076293945,47.952301025390625
01-12-2014,52.75,52.93000030517578,794700,53.439998626708984,53.290000915527344,48.03342819213867
02-12-2014,52.810001373291016,53.130001068115234,642000,53.77000045776367,53.59000015258789,48.3038215637207
03-12-2014,53.349998474121094,53.470001220703125,543500,54.04999923706055,54.02000045776367,48.69142150878906
04-12-2014,53.65999984741211,53.849998474121094,464200,54.25,54.25,48.898719787597656
05-12-2014,54.0,54.43000030517578,517900,54.58000183105469,54.470001220703125,49.097023010253906
08-12-2014,54.29999923706055,54.369998931884766,824400,54.91999816894531,54.75,49.349403381347656
09-12-2014,53.93000030517578,54.439998626708984,651300,54.4900016784668,54.45000076293945,49.07898712158203
10-12-2014,53.11000061035156,53.4900016784668,1188400,53.77000045776367,53.349998474121094,48.087501525878906
11-12-2014,53.18000030517578,53.540000915527344,698000,53.779998779296875,53.59000015258789,48.3038215637207
12-12-2014,52.630001068115234,53.29999923706055,822100,53.650001525878906,53.459999084472656,48.18663787841797
15-12-2014,52.790000915527344,53.25,933800,53.65999984741211,53.349998474121094,48.087501525878906
16-12-2014,53.0099983215332,53.22999954223633,1672300,54.7400016784668,54.470001220703125,49.097023010253906
17-12-2014,53.7599983215332,54.31999969482422,2590200,55.0,54.95000076293945,49.52967071533203
18-12-2014,55.029998779296875,55.119998931884766,1339000,56.41999816894531,55.91999816894531,50.40399169921875
19-12-2014,55.43000030517578,55.900001525878906,1228400,56.400001525878906,56.2400016784668,50.69242477416992
22-12-2014,56.08000183105469,56.33000183105469,703300,57.0,56.790000915527344,51.188167572021484
23-12-2014,56.22999954223633,57.0,1039400,57.02000045776367,56.9900016784668,51.368446350097656
24-12-2014,56.619998931884766,57.029998779296875,424600,57.41999816894531,57.38999938964844,51.72899627685547
26-12-2014,57.2400016784668,57.47999954223633,277300,57.56999969482422,57.36000061035156,51.70195007324219
29-12-2014,56.880001068115234,57.310001373291016,517600,57.5,56.900001525878906,51.287330627441406
30-12-2014,56.459999084472656,56.810001373291016,435700,57.16999816894531,56.7400016784668,51.14311218261719
31-12-2014,56.060001373291016,56.869998931884766,621200,57.18000030517578,56.060001373291016,50.530181884765625
02-01-2015,56.400001525878906,56.400001525878906,1035200,57.38999938964844,57.16999816894531,51.530696868896484
05-01-2015,56.849998474121094,57.040000915527344,689800,57.439998626708984,57.060001373291016,51.43154525756836
06-01-2015,56.45000076293945,56.939998626708984,1594200,57.27000045776367,56.650001525878906,51.06199264526367
07-01-2015,56.119998931884766,56.83000183105469,1179800,57.04999923706055,57.029998779296875,51.40449523925781
08-01-2015,57.099998474121094,57.25,1061100,58.13999938964844,57.9900016784668,52.26980209350586
09-01-2015,57.459999084472656,58.13999938964844,910200,58.310001373291016,58.15999984741211,52.42303466796875
12-01-2015,58.0099983215332,58.02000045776367,1078800,59.060001373291016,58.689998626708984,52.9007453918457
13-01-2015,58.91999816894531,58.91999816894531,1778000,60.15999984741211,59.83000183105469,53.92831039428711
14-01-2015,59.290000915527344,59.40999984741211,1236000,60.33000183105469,60.31999969482422,54.369972229003906
15-01-2015,60.150001525878906,60.40999984741211,1216600,60.59000015258789,60.27000045776367,54.324913024902344
16-01-2015,59.68000030517578,59.90999984741211,1375300,60.79999923706055,60.72999954223633,54.739524841308594
20-01-2015,59.56999969482422,59.86000061035156,2502800,60.540000915527344,60.220001220703125,54.279842376708984
21-01-2015,59.83000183105469,60.0,1660400,60.439998626708984,60.099998474121094,54.171669006347656
22-01-2015,59.63999938964844,59.9900016784668,2015300,61.95000076293945,61.86000061035156,55.75807189941406
23-01-2015,63.650001525878906,63.9900016784668,5307800,67.5,65.23999786376953,58.80466079711914
26-01-2015,65.05000305175781,65.16999816894531,2722300,67.31999969482422,67.16999816894531,60.544273376464844
27-01-2015,65.13999938964844,66.73999786376953,2426200,66.87000274658203,65.19999694824219,58.76859664916992
28-01-2015,63.189998626708984,64.54000091552734,1647200,64.75,63.31999969482422,57.074039459228516
29-01-2015,62.290000915527344,63.25,1139500,63.380001068115234,63.029998779296875,56.81265640258789
30-01-2015,62.34000015258789,62.9900016784668,991100,63.02000045776367,62.470001220703125,56.307891845703125
02-02-2015,61.2599983215332,62.27000045776367,1367400,62.66999816894531,62.59000015258789,56.416046142578125
03-02-2015,62.2599983215332,62.54999923706055,753300,63.619998931884766,63.529998779296875,57.263328552246094
04-02-2015,62.720001220703125,63.029998779296875,1043800,63.7599983215332,63.119998931884766,56.89378356933594
05-02-2015,63.0099983215332,63.31999969482422,838400,64.08999633789062,63.900001525878906,57.59682846069336
06-02-2015,63.540000915527344,63.70000076293945,723300,64.0999984741211,63.83000183105469,57.53373718261719
09-02-2015,63.11000061035156,63.70000076293945,423900,63.7400016784668,63.25,57.010963439941406
10-02-2015,63.18000030517578,63.560001373291016,934000,64.29000091552734,63.779998779296875,57.744300842285156
11-02-2015,63.95000076293945,63.95000076293945,1484700,65.58999633789062,65.0999984741211,58.93938064575195
12-02-2015,64.8499984741211,65.5,676300,65.69000244140625,65.45999908447266,59.265316009521484
13-02-2015,65.54000091552734,65.54000091552734,467200,66.33999633789062,66.25,59.98056411743164
17-02-2015,65.87999725341797,66.0,600700,66.5199966430664,66.43000030517578,60.14352798461914
18-02-2015,65.7300033569336,66.13999938964844,654400,66.44000244140625,65.9800033569336,59.73610305786133
19-02-2015,65.11000061035156,65.62000274658203,557900,65.62000274658203,65.16000366210938,58.993709564208984
20-02-2015,64.5,64.94000244140625,552200,65.77999877929688,65.77999877929688,59.555023193359375
23-02-2015,65.70999908447266,65.72000122070312,459800,66.08000183105469,65.81999969482422,59.59123992919922
24-02-2015,64.63999938964844,65.83999633789062,608300,65.83999633789062,65.37999725341797,59.19289016723633
25-02-2015,64.83999633789062,65.47000122070312,326300,65.47000122070312,65.2699966430664,59.093292236328125
26-02-2015,64.19000244140625,64.98999786376953,676600,64.98999786376953,64.23999786376953,58.160770416259766
27-02-2015,64.06999969482422,64.3499984741211,583100,64.63999938964844,64.36000061035156,58.26941680908203
02-03-2015,64.23999786376953,64.36000061035156,732600,65.08000183105469,64.76000213623047,58.63157653808594
03-03-2015,64.16000366210938,64.7699966430664,470000,64.7699966430664,64.48999786376953,58.387107849121094
04-03-2015,64.30000305175781,64.41999816894531,610400,65.2300033569336,64.83999633789062,58.7039794921875
05-03-2015,65.11000061035156,65.11000061035156,751700,66.0,65.70999908447266,59.49166488647461
06-03-2015,65.62999725341797,66.62999725341797,863300,66.69000244140625,65.8499984741211,59.6184196472168
09-03-2015,66.36000061035156,66.75,858600,67.58999633789062,67.30000305175781,60.931190490722656
10-03-2015,66.2699966430664,66.72000122070312,638400,66.75,66.27999877929688,60.007728576660156
11-03-2015,66.45999908447266,66.58000183105469,739200,67.6500015258789,67.58000183105469,61.18470001220703
12-03-2015,68.08000183105469,68.13999938964844,548500,68.81999969482422,68.69999694824219,62.198707580566406
13-03-2015,67.30000305175781,67.95999908447266,499100,68.06999969482422,67.79000091552734,61.37483596801758
16-03-2015,69.0999984741211,69.0999984741211,1024300,71.19999694824219,71.0199966430664,64.29916381835938
17-03-2015,70.05000305175781,70.22000122070312,1098800,71.20999908447266,70.87000274658203,64.16336822509766
18-03-2015,71.12999725341797,71.44999694824219,882100,72.7699966430664,72.44000244140625,65.58477020263672
19-03-2015,71.36000061035156,72.33000183105469,1170100,72.80000305175781,71.69000244140625,64.90575408935547
20-03-2015,71.44999694824219,71.9800033569336,1439500,72.1500015258789,71.75,64.9601058959961
23-03-2015,71.79000091552734,71.79000091552734,784300,72.66000366210938,72.30000305175781,65.4580307006836
24-03-2015,71.2699966430664,72.30000305175781,712900,72.30999755859375,71.33999633789062,64.5888671875
25-03-2015,70.26000213623047,71.43000030517578,578200,71.93000030517578,70.37999725341797,63.71971130371094
26-03-2015,69.69000244140625,70.02999877929688,552900,70.55000305175781,70.25,63.60202407836914
27-03-2015,70.45999908447266,70.45999908447266,586500,72.0999984741211,71.55000305175781,64.77900695800781
30-03-2015,71.54000091552734,71.68000030517578,796500,72.18000030517578,71.6500015258789,64.86956024169922
31-03-2015,70.72000122070312,70.9800033569336,826500,72.06999969482422,71.77999877929688,64.98725891113281
01-04-2015,70.06999969482422,71.95999908447266,757700,71.95999908447266,71.38999938964844,64.63414764404297
02-04-2015,71.4000015258789,71.68000030517578,669100,72.69000244140625,72.5199966430664,65.65718078613281
06-04-2015,72.54000091552734,72.54000091552734,1910100,74.30000305175781,73.88999938964844,66.8975601196289
07-04-2015,72.41000366210938,75.08999633789062,1635200,75.33000183105469,72.41000366210938,65.55760192871094
08-04-2015,72.23999786376953,72.23999786376953,966100,73.18000030517578,72.94000244140625,66.0374755859375
09-04-2015,72.73999786376953,72.94999694824219,559100,73.91999816894531,73.83999633789062,66.85231018066406
10-04-2015,73.68000030517578,73.91999816894531,600100,75.04000091552734,74.81999969482422,67.73954010009766
13-04-2015,74.54000091552734,74.77999877929688,604400,75.22000122070312,74.77999877929688,67.70333862304688
14-04-2015,73.0199966430664,74.73999786376953,808100,74.73999786376953,73.79000091552734,66.80705261230469
15-04-2015,73.0,73.23999786376953,789900,73.31999969482422,73.02999877929688,66.11894989013672
16-04-2015,72.16999816894531,73.12000274658203,746200,73.1500015258789,72.25,65.41275787353516
17-04-2015,71.29000091552734,71.9000015258789,721500,72.01000213623047,71.87999725341797,65.0777587890625
20-04-2015,72.1500015258789,72.31999969482422,574900,73.05000305175781,72.91999816894531,66.01935577392578
21-04-2015,72.76000213623047,73.13999938964844,986000,73.54000091552734,73.11000061035156,66.1913833618164
22-04-2015,72.55000305175781,72.62999725341797,815300,73.44000244140625,73.27999877929688,66.34529113769531
23-04-2015,72.30000305175781,72.5199966430664,1203800,74.13999938964844,73.37999725341797,66.43583679199219
24-04-2015,65.05000305175781,66.69999694824219,3123400,67.9000015258789,65.69999694824219,59.48259353637695
27-04-2015,64.23999786376953,65.31999969482422,1932300,65.83999633789062,64.55000305175781,58.44144058227539
28-04-2015,64.02999877929688,64.25,1054500,65.2699966430664,64.68000030517578,58.55914306640625
29-04-2015,63.9900016784668,64.7300033569336,941900,64.8499984741211,64.08999633789062,58.024959564208984
30-04-2015,63.68000030517578,63.97999954223633,882800,64.52999877929688,63.939998626708984,57.889156341552734
01-05-2015,63.91999816894531,63.91999816894531,1021200,64.8499984741211,64.77999877929688,58.649662017822266
04-05-2015,65.0199966430664,65.0999984741211,971000,66.0199966430664,65.6500015258789,59.43733596801758
05-05-2015,64.38999938964844,65.68000030517578,834300,65.7699966430664,64.61000061035156,58.495758056640625
06-05-2015,64.5199966430664,65.1500015258789,581500,65.38999938964844,64.83000183105469,58.69492721557617
07-05-2015,64.83000183105469,64.98999786376953,505700,65.3499984741211,65.16999816894531,59.00275421142578
08-05-2015,65.47000122070312,65.93000030517578,554300,66.62000274658203,65.62000274658203,59.41018295288086
11-05-2015,65.29000091552734,65.36000061035156,636400,65.7699966430664,65.5999984741211,59.39206314086914
12-05-2015,64.61000061035156,65.19999694824219,395600,65.5,65.37000274658203,59.183837890625
13-05-2015,54.5,58.95000076293945,8885700,58.95000076293945,55.47999954223633,50.229766845703125
14-05-2015,55.560001373291016,55.560001373291016,2820200,56.84000015258789,56.459999084472656,51.11701583862305
15-05-2015,55.95000076293945,56.619998931884766,1023400,56.619998931884766,56.20000076293945,50.88161849975586
18-05-2015,55.4900016784668,55.779998779296875,2000000,56.83000183105469,56.810001373291016,51.433895111083984
19-05-2015,56.459999084472656,56.459999084472656,1028500,57.279998779296875,56.83000183105469,51.70685958862305
20-05-2015,56.4900016784668,56.689998626708984,709800,57.88999938964844,57.25,52.08898162841797
21-05-2015,56.77000045776367,57.2400016784668,732500,57.459999084472656,57.31999969482422,52.15268325805664
22-05-2015,56.86000061035156,57.27000045776367,802600,57.4900016784668,57.08000183105469,51.9343147277832
26-05-2015,56.97999954223633,57.2599983215332,833200,57.630001068115234,57.41999816894531,52.24365997314453
27-05-2015,57.47999954223633,57.5099983215332,1099200,58.400001525878906,58.099998474121094,52.86235427856445
28-05-2015,57.9900016784668,57.9900016784668,572800,58.7400016784668,58.650001525878906,53.362789154052734
29-05-2015,58.54999923706055,58.650001525878906,885600,59.45000076293945,58.81999969482422,53.5174560546875
01-06-2015,58.540000915527344,58.79999923706055,795200,59.560001373291016,59.34000015258789,53.990577697753906
02-06-2015,58.52000045776367,59.04999923706055,845500,59.7599983215332,59.68000030517578,54.2999267578125
03-06-2015,59.15999984741211,59.66999816894531,591200,60.0,59.59000015258789,54.218040466308594
04-06-2015,58.779998779296875,59.220001220703125,766800,59.70000076293945,59.59000015258789,54.218040466308594
05-06-2015,59.279998779296875,59.560001373291016,427300,59.79999923706055,59.65999984741211,54.281734466552734
08-06-2015,58.79999923706055,59.720001220703125,881700,59.849998474121094,58.93000030517578,53.61753463745117
09-06-2015,58.29999923706055,58.95000076293945,1125600,59.0,58.70000076293945,53.40826416015625
10-06-2015,58.310001373291016,58.79999923706055,600200,58.88999938964844,58.79999923706055,53.49925231933594
11-06-2015,58.88999938964844,59.060001373291016,902100,59.400001525878906,59.099998474121094,53.77220153808594
12-06-2015,58.459999084472656,58.880001068115234,615200,58.9900016784668,58.560001373291016,53.28089141845703
15-06-2015,57.7599983215332,58.33000183105469,681400,58.75,58.54999923706055,53.27179718017578
16-06-2015,57.56999969482422,58.2599983215332,1259800,58.59000015258789,57.7599983215332,52.55301284790039
17-06-2015,56.65999984741211,57.630001068115234,1148600,57.7400016784668,57.150001525878906,51.99801254272461
18-06-2015,56.619998931884766,56.849998474121094,856800,57.38999938964844,57.20000076293945,52.043495178222656
19-06-2015,56.86000061035156,57.25,1113300,57.720001220703125,57.560001373291016,52.37104034423828
22-06-2015,57.52000045776367,58.20000076293945,531800,58.38999938964844,58.0099983215332,52.78046417236328
23-06-2015,56.58000183105469,57.95000076293945,730500,57.970001220703125,56.7599983215332,51.643157958984375
24-06-2015,56.290000915527344,56.52000045776367,559300,56.97999954223633,56.29999923706055,51.2246208190918
25-06-2015,56.0,56.529998779296875,830900,57.0,56.189998626708984,51.124534606933594
26-06-2015,55.779998779296875,56.459999084472656,854300,56.63999938964844,55.88999938964844,50.851585388183594
29-06-2015,54.900001525878906,55.27000045776367,881000,56.33000183105469,55.439998626708984,50.44214630126953
30-06-2015,55.83000183105469,56.150001525878906,913500,56.52000045776367,56.369998931884766,51.28832244873047
01-07-2015,55.130001068115234,56.68000030517578,856400,56.75,55.29999923706055,50.31478500366211
02-07-2015,54.810001373291016,55.529998779296875,843400,55.540000915527344,55.310001373291016,50.323875427246094
06-07-2015,54.849998474121094,55.029998779296875,2215300,55.529998779296875,55.380001068115234,50.3875732421875
07-07-2015,55.310001373291016,55.630001068115234,914100,56.70000076293945,56.630001068115234,51.52488327026367
08-07-2015,55.880001068115234,56.43000030517578,839400,56.970001220703125,56.0099983215332,50.96077346801758
09-07-2015,55.93000030517578,56.25,749000,57.04999923706055,56.77000045776367,51.65226745605469
10-07-2015,56.540000915527344,57.0099983215332,605200,57.2599983215332,57.04999923706055,51.90702438354492
13-07-2015,56.869998931884766,57.58000183105469,802100,57.90999984741211,57.400001525878906,52.22547149658203
14-07-2015,56.380001068115234,57.209999084472656,665600,57.720001220703125,57.58000183105469,52.389244079589844
15-07-2015,56.90999984741211,57.59000015258789,607000,57.68000030517578,57.290000915527344,52.12537384033203
16-07-2015,57.47999954223633,57.779998779296875,489200,57.900001525878906,57.790000915527344,52.58030700683594
17-07-2015,57.22999954223633,57.779998779296875,597400,57.779998779296875,57.34000015258789,52.17086410522461
20-07-2015,56.86000061035156,57.470001220703125,638700,57.470001220703125,57.119998931884766,51.970703125
21-07-2015,56.540000915527344,57.119998931884766,670600,57.20000076293945,56.7599983215332,51.643157958984375
22-07-2015,56.220001220703125,56.7599983215332,943800,56.7599983215332,56.54999923706055,51.452083587646484
23-07-2015,56.18000030517578,56.61000061035156,955800,56.61000061035156,56.27000045776367,51.19734573364258
24-07-2015,55.81999969482422,56.11000061035156,773900,56.650001525878906,55.91999816894531,50.87888717651367
27-07-2015,55.040000915527344,55.95000076293945,785600,56.349998474121094,55.16999816894531,50.196502685546875
28-07-2015,55.220001220703125,55.599998474121094,1061500,56.9900016784668,56.70000076293945,51.58856201171875
29-07-2015,55.31999969482422,56.400001525878906,1076400,56.45000076293945,55.91999816894531,50.87888717651367
30-07-2015,55.0,55.0,1077500,56.2599983215332,56.119998931884766,51.060855865478516
31-07-2015,56.5,56.5,2017300,58.81999969482422,57.95000076293945,52.725887298583984
03-08-2015,55.20000076293945,57.689998626708984,1339500,57.9900016784668,55.400001525878906,50.40576934814453
04-08-2015,55.529998779296875,56.779998779296875,1371700,57.040000915527344,55.900001525878906,50.860687255859375
05-08-2015,55.22999954223633,55.97999954223633,818200,56.09000015258789,55.54999923706055,50.542236328125
06-08-2015,54.349998474121094,55.86000061035156,883100,56.310001373291016,54.83000183105469,49.88714599609375
07-08-2015,54.0099983215332,54.86000061035156,881300,55.130001068115234,54.880001068115234,49.932640075683594
10-08-2015,55.13999938964844,55.209999084472656,712100,55.599998474121094,55.439998626708984,50.44214630126953
11-08-2015,54.709999084472656,54.91999816894531,512100,55.709999084472656,55.15999984741211,50.18739318847656
12-08-2015,54.31999969482422,54.81999969482422,626800,55.2400016784668,55.18000030517578,50.20559310913086
13-08-2015,54.66999816894531,54.7599983215332,371600,55.63999938964844,55.29999923706055,50.31478500366211
14-08-2015,54.959999084472656,55.0,367200,55.88999938964844,55.849998474121094,50.81520080566406
17-08-2015,54.939998626708984,55.540000915527344,911200,56.040000915527344,55.29999923706055,50.31478500366211
18-08-2015,54.869998931884766,55.119998931884766,509600,55.619998931884766,54.88999938964844,50.21414566040039
19-08-2015,53.869998931884766,54.70000076293945,463600,54.75,54.459999084472656,49.82078170776367
20-08-2015,53.4900016784668,53.959999084472656,840100,54.619998931884766,53.93000030517578,49.335941314697266
21-08-2015,52.47999954223633,53.45000076293945,849000,53.72999954223633,52.5,48.02774429321289
24-08-2015,48.9900016784668,50.09000015258789,1818400,51.380001068115234,49.540000915527344,45.31989669799805
25-08-2015,50.0099983215332,50.75,1207700,51.59000015258789,50.52000045776367,46.21640396118164
26-08-2015,50.5,51.5099983215332,1000100,51.810001373291016,51.810001373291016,47.396522521972656
27-08-2015,51.040000915527344,52.099998474121094,1020800,52.209999084472656,51.650001525878906,47.25014877319336
28-08-2015,51.540000915527344,51.70000076293945,530600,52.529998779296875,52.470001220703125,48.00028991699219
31-08-2015,51.83000183105469,52.40999984741211,651500,52.72999954223633,51.939998626708984,47.51544952392578
01-09-2015,50.209999084472656,50.79999923706055,1353600,51.22999954223633,50.75,46.426815032958984
02-09-2015,50.91999816894531,51.36000061035156,606900,51.90999984741211,51.90999984741211,47.488006591796875
03-09-2015,51.58000183105469,52.0,450400,52.43000030517578,51.630001068115234,47.23185729980469
04-09-2015,51.060001373291016,51.060001373291016,511500,51.619998931884766,51.16999816894531,46.811038970947266
08-09-2015,51.2400016784668,51.9900016784668,696700,51.9900016784668,51.90999984741211,47.488006591796875
09-09-2015,50.290000915527344,51.869998931884766,745100,51.88999938964844,50.40999984741211,46.115787506103516
10-09-2015,49.90999984741211,50.06999969482422,811700,51.040000915527344,50.720001220703125,46.39936828613281
11-09-2015,50.2400016784668,50.36000061035156,841200,51.86000061035156,51.47999954223633,47.094635009765625
14-09-2015,50.779998779296875,51.349998474121094,941200,51.349998474121094,50.95000076293945,46.60977554321289
15-09-2015,50.459999084472656,50.88999938964844,771100,51.040000915527344,50.900001525878906,46.56404113769531
16-09-2015,50.52000045776367,50.84000015258789,632800,51.0,50.900001525878906,46.56404113769531
17-09-2015,50.709999084472656,50.7599983215332,595300,51.900001525878906,51.25,46.88422775268555
18-09-2015,50.56999969482422,50.7400016784668,1180500,51.29999923706055,51.0,46.655517578125
21-09-2015,50.25,51.2400016784668,628000,51.849998474121094,50.27000045776367,45.987709045410156
22-09-2015,49.220001220703125,50.0,483000,50.099998474121094,49.790000915527344,45.54860305786133
23-09-2015,49.630001068115234,49.7599983215332,364300,50.52000045776367,49.7400016784668,45.50285720825195
24-09-2015,49.63999938964844,49.63999938964844,1181100,51.79999923706055,51.720001220703125,47.31419372558594
25-09-2015,50.02000045776367,51.720001220703125,917400,51.84000015258789,50.52000045776367,46.21640396118164
28-09-2015,49.11000061035156,50.220001220703125,979200,50.380001068115234,49.43000030517578,45.21926498413086
29-09-2015,49.25,49.369998931884766,969300,50.7400016784668,50.619998931884766,46.30789566040039
30-09-2015,50.470001220703125,51.06999969482422,1268700,51.41999816894531,50.959999084472656,46.61891555786133
01-10-2015,50.47999954223633,50.959999084472656,1018900,51.31999969482422,51.25,46.88422775268555
02-10-2015,50.58000183105469,50.66999816894531,503700,51.66999816894531,51.66999816894531,47.2684440612793
05-10-2015,52.06999969482422,52.130001068115234,539800,53.0,52.65999984741211,48.17411422729492
06-10-2015,52.029998779296875,52.47999954223633,739900,53.06999969482422,52.91999816894531,48.41197204589844
07-10-2015,53.0,53.27000045776367,776700,54.099998474121094,54.06999969482422,49.463993072509766
08-10-2015,53.369998931884766,53.59000015258789,607500,53.97999954223633,53.90999984741211,49.31763458251953
09-10-2015,53.72999954223633,53.849998474121094,453000,54.709999084472656,54.29999923706055,49.674400329589844
12-10-2015,53.86000061035156,54.040000915527344,288100,54.630001068115234,54.54999923706055,49.90310287475586
13-10-2015,54.060001373291016,54.34000015258789,626300,54.68000030517578,54.52000045776367,49.875667572021484
14-10-2015,54.720001220703125,54.75,588300,55.470001220703125,55.25,50.54348373413086
15-10-2015,55.279998779296875,55.349998474121094,606900,56.349998474121094,56.33000183105469,51.531490325927734
16-10-2015,56.16999816894531,56.45000076293945,346900,56.90999984741211,56.5,51.68699645996094
19-10-2015,56.25,56.29999923706055,898400,58.0,57.88999938964844,52.95859146118164
20-10-2015,56.150001525878906,57.150001525878906,1117300,57.290000915527344,56.459999084472656,51.6504020690918
21-10-2015,55.22999954223633,55.7599983215332,1263000,56.31999969482422,56.209999084472656,51.42169952392578
22-10-2015,55.29999923706055,56.060001373291016,1172800,56.13999938964844,55.5,50.77219009399414
23-10-2015,55.72999954223633,56.31999969482422,1395200,57.93000030517578,56.25,51.45830154418945
26-10-2015,55.75,56.0,693700,56.5099983215332,56.2400016784668,51.449161529541016
27-10-2015,56.43000030517578,56.470001220703125,747400,57.43000030517578,57.40999984741211,52.51947784423828
28-10-2015,55.90999984741211,56.88999938964844,660800,57.709999084472656,57.70000076293945,52.78478240966797
29-10-2015,56.959999084472656,57.13999938964844,625700,57.5099983215332,57.310001373291016,52.428001403808594
30-10-2015,57.220001220703125,57.560001373291016,843700,57.75,57.61000061035156,52.70244216918945
02-11-2015,57.2599983215332,57.650001525878906,459600,58.34000015258789,58.220001220703125,53.260475158691406
03-11-2015,57.810001373291016,58.09000015258789,532200,58.900001525878906,58.560001373291016,53.5715217590332
04-11-2015,58.06999969482422,58.849998474121094,696700,58.849998474121094,58.529998779296875,53.544071197509766
05-11-2015,57.84000015258789,58.36000061035156,373300,58.56999969482422,58.47999954223633,53.498321533203125
06-11-2015,57.599998474121094,58.0099983215332,503600,58.459999084472656,58.36000061035156,53.3885612487793
09-11-2015,57.599998474121094,58.0,811600,58.2599983215332,57.970001220703125,53.031776428222656
10-11-2015,57.380001068115234,57.630001068115234,626800,57.91999816894531,57.900001525878906,52.96773910522461
11-11-2015,57.83000183105469,57.900001525878906,653700,58.61000061035156,58.369998931884766,53.3976936340332
12-11-2015,57.25,57.84000015258789,832700,57.90999984741211,57.36000061035156,52.4737434387207
13-11-2015,56.45000076293945,57.02000045776367,626900,57.45000076293945,57.31999969482422,52.43714904785156
16-11-2015,56.7400016784668,57.099998474121094,531200,57.45000076293945,57.43000030517578,52.53778076171875
17-11-2015,57.099998474121094,57.15999984741211,479800,57.7400016784668,57.58000183105469,52.95160675048828
18-11-2015,57.0,57.70000076293945,502400,58.189998626708984,58.13999938964844,53.466590881347656
19-11-2015,57.77000045776367,58.130001068115234,453100,58.34000015258789,58.2400016784668,53.558555603027344
20-11-2015,58.400001525878906,58.400001525878906,439900,59.16999816894531,59.119998931884766,54.367820739746094
23-11-2015,58.189998626708984,58.47999954223633,632500,58.720001220703125,58.45000076293945,53.751686096191406
24-11-2015,58.15999984741211,58.22999954223633,1371300,59.470001220703125,59.09000015258789,54.34022903442383
25-11-2015,58.810001373291016,59.099998474121094,451600,59.79999923706055,59.540000915527344,54.754051208496094
27-11-2015,59.540000915527344,59.650001525878906,266500,60.11000061035156,60.02000045776367,55.19548034667969
30-11-2015,59.40999984741211,59.91999816894531,896400,60.290000915527344,59.56999969482422,54.781639099121094
01-12-2015,58.880001068115234,59.869998931884766,896400,59.959999084472656,59.93000030517578,55.11270523071289
02-12-2015,59.0099983215332,59.70000076293945,1024900,60.349998474121094,59.88999938964844,55.075927734375
03-12-2015,58.099998474121094,59.529998779296875,969500,59.91999816894531,58.31999969482422,53.63212585449219
04-12-2015,57.77000045776367,58.2599983215332,889000,58.779998779296875,57.79999923706055,53.15392303466797
07-12-2015,56.31999969482422,56.97999954223633,1511300,57.0,56.529998779296875,51.98601150512695
08-12-2015,55.33000183105469,55.689998626708984,1352900,56.869998931884766,56.41999816894531,51.884857177734375
09-12-2015,54.88999938964844,55.81999969482422,1453100,55.83000183105469,55.060001373291016,50.63418197631836
10-12-2015,55.220001220703125,55.380001068115234,1223700,56.0,55.68000030517578,51.2043342590332
11-12-2015,55.0,55.279998779296875,1182600,55.59000015258789,55.310001373291016,50.86406707763672
14-12-2015,55.13999938964844,55.279998779296875,885400,55.95000076293945,55.65999984741211,51.185943603515625
15-12-2015,55.310001373291016,56.2599983215332,1865900,56.439998626708984,55.709999084472656,51.23192596435547
16-12-2015,55.77000045776367,56.130001068115234,1861100,56.81999969482422,56.130001068115234,51.618160247802734
17-12-2015,55.150001525878906,55.72999954223633,3083400,56.0,55.189998626708984,50.75371551513672
18-12-2015,53.959999084472656,55.189998626708984,2071900,55.439998626708984,54.0,49.659385681152344
21-12-2015,52.599998474121094,54.20000076293945,1174400,54.209999084472656,52.90999984741211,48.6569938659668
22-12-2015,52.790000915527344,53.47999954223633,1033700,53.66999816894531,53.540000915527344,49.2363395690918
23-12-2015,53.540000915527344,53.849998474121094,949800,54.5,54.119998931884766,49.76973342895508
24-12-2015,53.88999938964844,54.08000183105469,257400,54.189998626708984,53.91999816894531,49.58579635620117
28-12-2015,53.79999923706055,53.91999816894531,613800,54.119998931884766,54.119998931884766,49.76973342895508
29-12-2015,54.349998474121094,54.529998779296875,696100,54.900001525878906,54.5,50.11918258666992
30-12-2015,54.29999923706055,54.689998626708984,518000,55.0099983215332,54.369998931884766,49.9996337890625
31-12-2015,53.68000030517578,54.20000076293945,542900,54.4900016784668,53.689998626708984,49.37429428100586
04-01-2016,51.70000076293945,52.970001220703125,1350700,52.970001220703125,52.209999084472656,48.013248443603516
05-01-2016,52.209999084472656,52.209999084472656,651200,53.02000045776367,52.439998626708984,48.224761962890625
06-01-2016,51.09000015258789,51.66999816894531,1274900,51.88999938964844,51.400001525878906,47.26836395263672
07-01-2016,50.77000045776367,50.810001373291016,1364900,52.02000045776367,51.86000061035156,47.69139099121094
08-01-2016,51.91999816894531,52.13999938964844,1204500,52.599998474121094,52.119998931884766,47.93050003051758
11-01-2016,51.95000076293945,52.15999984741211,1328400,52.65999984741211,52.31999969482422,48.11441421508789
12-01-2016,52.400001525878906,52.66999816894531,1003600,53.27000045776367,53.130001068115234,48.85930633544922
13-01-2016,53.029998779296875,53.630001068115234,1286200,53.849998474121094,53.119998931884766,48.85011672973633
14-01-2016,52.79999923706055,53.22999954223633,1198300,54.27000045776367,54.16999816894531,49.815711975097656
15-01-2016,52.380001068115234,53.16999816894531,1406100,53.34000015258789,53.290000915527344,49.00645446777344
19-01-2016,52.599998474121094,52.65999984741211,1958600,53.849998474121094,53.65999984741211,49.34669876098633
20-01-2016,52.369998931884766,53.0,2601500,54.11000061035156,53.7599983215332,49.43866729736328
21-01-2016,53.279998779296875,53.880001068115234,1866000,55.13999938964844,54.040000915527344,49.6961669921875
22-01-2016,57.380001068115234,57.619998931884766,4048300,60.0,57.56999969482422,52.94240951538086
25-01-2016,57.70000076293945,57.790000915527344,1875200,59.650001525878906,58.65999984741211,53.944786071777344
26-01-2016,58.290000915527344,58.689998626708984,1258900,59.08000183105469,59.02000045776367,54.275856018066406
27-01-2016,57.36000061035156,59.0099983215332,1126100,59.34000015258789,57.56999969482422,52.94240951538086
28-01-2016,55.97999954223633,57.95000076293945,1485500,58.02000045776367,56.25,51.728511810302734
29-01-2016,56.380001068115234,56.70000076293945,1706400,57.189998626708984,56.70000076293945,52.14234924316406
01-02-2016,56.29999923706055,56.77000045776367,1052600,57.52000045776367,57.22999954223633,52.629730224609375
02-02-2016,56.65999984741211,57.0,783600,57.290000915527344,57.04999923706055,52.464202880859375
03-02-2016,57.0099983215332,57.540000915527344,1912900,57.849998474121094,57.58000183105469,52.95160675048828
04-02-2016,56.91999816894531,57.279998779296875,1763100,58.0,57.81999969482422,53.17231369018555
05-02-2016,57.310001373291016,58.119998931884766,1045200,58.58000183105469,57.41999816894531,52.8044548034668
08-02-2016,56.40999984741211,56.88999938964844,895900,57.209999084472656,57.040000915527344,52.45500946044922
09-02-2016,55.83000183105469,55.9900016784668,1427500,57.630001068115234,57.18000030517578,52.861785888671875
10-02-2016,57.189998626708984,57.560001373291016,1887300,58.93000030517578,57.7400016784668,53.379493713378906
11-02-2016,56.16999816894531,56.72999954223633,1449000,57.56999969482422,57.119998931884766,52.806304931640625
12-02-2016,56.790000915527344,57.34000015258789,827600,57.90999984741211,57.880001068115234,53.5089225769043
16-02-2016,58.150001525878906,58.20000076293945,978100,59.31999969482422,59.029998779296875,54.57207107543945
17-02-2016,59.0,59.5099983215332,823300,59.65999984741211,59.25,54.77545928955078
18-02-2016,59.08000183105469,59.40999984741211,780300,59.869998931884766,59.20000076293945,54.7292366027832
19-02-2016,58.61000061035156,59.13999938964844,535900,59.13999938964844,58.900001525878906,54.451881408691406
22-02-2016,59.119998931884766,59.470001220703125,613500,59.63999938964844,59.2599983215332,54.784698486328125
23-02-2016,57.279998779296875,58.58000183105469,1864200,58.900001525878906,57.9900016784668,53.610618591308594
24-02-2016,56.83000183105469,57.29999923706055,1000200,57.970001220703125,57.790000915527344,53.425716400146484
25-02-2016,57.209999084472656,58.0,1070200,58.0,57.400001525878906,53.0651741027832
26-02-2016,57.43000030517578,57.66999816894531,975500,58.13999938964844,57.7400016784668,53.379493713378906
29-02-2016,56.849998474121094,57.86000061035156,803400,58.33000183105469,56.90999984741211,52.61216735839844
01-03-2016,56.900001525878906,57.2599983215332,833600,57.58000183105469,57.33000183105469,53.00046157836914
02-03-2016,56.81999969482422,57.0,682400,57.36000061035156,57.25,52.92648696899414
03-03-2016,56.9900016784668,57.5099983215332,948300,58.029998779296875,57.43000030517578,53.09290313720703
04-03-2016,57.45000076293945,57.599998474121094,717200,58.029998779296875,57.849998474121094,53.48118591308594
07-03-2016,57.5,57.75,1905900,58.36000061035156,58.099998474121094,53.71229934692383
08-03-2016,57.68000030517578,57.790000915527344,1010700,58.189998626708984,57.95000076293945,53.573631286621094
09-03-2016,57.90999984741211,58.08000183105469,801000,58.099998474121094,57.9900016784668,53.610618591308594
10-03-2016,57.91999816894531,58.130001068115234,1781900,59.04999923706055,58.79999923706055,54.35944366455078
11-03-2016,59.22999954223633,59.27000045776367,1218900,60.4900016784668,60.36000061035156,55.8016357421875
14-03-2016,58.91999816894531,59.900001525878906,675100,59.900001525878906,59.09000015258789,54.62753677368164
15-03-2016,58.31999969482422,58.65999984741211,656600,58.970001220703125,58.779998779296875,54.3409538269043
16-03-2016,56.75,58.16999816894531,1203900,58.16999816894531,57.29999923706055,52.972721099853516
17-03-2016,55.7599983215332,57.08000183105469,1512200,57.380001068115234,56.0,51.77088928222656
18-03-2016,55.7400016784668,55.81999969482422,1647200,56.619998931884766,56.34000015258789,52.0852165222168
21-03-2016,55.91999816894531,56.130001068115234,906000,56.619998931884766,56.189998626708984,51.946537017822266
22-03-2016,55.79999923706055,55.900001525878906,1150600,56.4900016784668,56.369998931884766,52.112953186035156
23-03-2016,55.849998474121094,56.31999969482422,1602500,57.029998779296875,56.349998474121094,52.09445571899414
24-03-2016,55.130001068115234,55.779998779296875,795800,56.06999969482422,55.470001220703125,51.280921936035156
28-03-2016,55.5099983215332,55.720001220703125,1255200,56.11000061035156,55.970001220703125,51.74317169189453
29-03-2016,55.29999923706055,56.0099983215332,1490300,56.34000015258789,56.2599983215332,52.01126480102539
30-03-2016,56.27000045776367,56.630001068115234,755700,57.22999954223633,56.88999938964844,52.59367752075195
31-03-2016,56.84000015258789,56.84000015258789,1139000,58.209999084472656,57.81999969482422,53.45344924926758
01-04-2016,57.33000183105469,57.689998626708984,900800,59.02000045776367,58.9900016784668,54.53510284423828
04-04-2016,58.290000915527344,58.7400016784668,1249200,58.9900016784668,58.779998779296875,54.3409538269043
05-04-2016,57.68000030517578,58.02000045776367,1077200,58.540000915527344,58.18000030517578,53.786258697509766
06-04-2016,58.11000061035156,58.11000061035156,836700,59.61000061035156,59.52000045776367,55.025062561035156
07-04-2016,58.630001068115234,59.11000061035156,1123200,59.58000183105469,59.0,54.544342041015625
08-04-2016,58.38999938964844,58.86000061035156,532100,59.150001525878906,58.58000183105469,54.15606689453125
11-04-2016,58.5099983215332,58.70000076293945,447100,59.04999923706055,58.720001220703125,54.285484313964844
12-04-2016,58.650001525878906,58.849998474121094,487900,59.4900016784668,59.40999984741211,54.923370361328125
13-04-2016,59.61000061035156,59.61000061035156,745500,60.349998474121094,60.189998626708984,55.64447021484375
14-04-2016,59.40999984741211,60.099998474121094,717200,60.400001525878906,59.459999084472656,54.96959686279297
15-04-2016,58.86000061035156,59.34000015258789,665400,59.75,59.75,55.237701416015625
18-04-2016,59.45000076293945,59.45000076293945,519400,60.209999084472656,59.900001525878906,55.376380920410156
19-04-2016,59.09000015258789,59.93000030517578,696600,59.9900016784668,59.66999816894531,55.16373825073242
20-04-2016,59.380001068115234,59.56999969482422,685200,60.380001068115234,60.02000045776367,55.48731231689453
21-04-2016,59.47999954223633,59.47999954223633,1218700,60.52000045776367,60.439998626708984,55.87558364868164
22-04-2016,59.939998626708984,60.43000030517578,950400,60.72999954223633,60.720001220703125,56.13444137573242
25-04-2016,60.529998779296875,60.68000030517578,1245800,61.22999954223633,61.15999984741211,56.54121017456055
26-04-2016,60.38999938964844,61.11000061035156,1547100,61.11000061035156,60.95000076293945,56.34707260131836
27-04-2016,55.83000183105469,57.88999938964844,2650500,58.060001373291016,56.650001525878906,52.37180709838867
28-04-2016,55.959999084472656,57.15999984741211,2648700,57.34000015258789,56.5,52.23313522338867
29-04-2016,55.43000030517578,56.43000030517578,1188000,56.650001525878906,55.79999923706055,51.58599853515625
02-05-2016,55.70000076293945,55.849998474121094,724600,56.2599983215332,56.130001068115234,51.89107894897461
03-05-2016,55.5,55.91999816894531,878500,56.2599983215332,55.63999938964844,51.438079833984375
04-05-2016,55.63999938964844,55.849998474121094,854600,56.279998779296875,56.029998779296875,51.798622131347656
05-05-2016,56.09000015258789,56.290000915527344,737700,56.63999938964844,56.40999984741211,52.149932861328125
06-05-2016,55.91999816894531,56.36000061035156,593400,56.61000061035156,56.47999954223633,52.21464157104492
09-05-2016,56.349998474121094,56.40999984741211,682500,56.959999084472656,56.84000015258789,52.54745864868164
10-05-2016,57.029998779296875,57.25,537200,57.75,57.54999923706055,53.20383834838867
11-05-2016,57.220001220703125,57.70000076293945,919700,57.70000076293945,57.54999923706055,53.20383834838867
12-05-2016,57.33000183105469,57.61000061035156,745900,58.06999969482422,57.810001373291016,53.444210052490234
13-05-2016,57.11000061035156,57.7400016784668,533700,57.7400016784668,57.439998626708984,53.10215759277344
16-05-2016,57.5,57.59000015258789,595000,58.33000183105469,58.09000015258789,53.703060150146484
17-05-2016,57.06999969482422,57.90999984741211,742200,58.0099983215332,57.22999954223633,53.18265151977539
18-05-2016,56.83000183105469,57.25,739100,57.61000061035156,56.900001525878906,52.87599563598633
19-05-2016,56.279998779296875,56.709999084472656,562100,57.06999969482422,56.84000015258789,52.82024383544922
20-05-2016,56.849998474121094,56.900001525878906,778500,57.720001220703125,57.619998931884766,53.545074462890625
23-05-2016,57.31999969482422,57.77000045776367,546000,57.900001525878906,57.41999816894531,53.35921859741211
24-05-2016,57.439998626708984,57.630001068115234,657400,58.349998474121094,58.130001068115234,54.01901626586914
25-05-2016,57.720001220703125,58.38999938964844,940300,58.529998779296875,57.720001220703125,53.63801574707031
26-05-2016,57.61000061035156,57.720001220703125,554100,58.380001068115234,58.220001220703125,54.1026496887207
27-05-2016,58.130001068115234,58.130001068115234,552100,58.61000061035156,58.439998626708984,54.30708694458008
31-05-2016,58.5,58.720001220703125,2008100,59.16999816894531,59.060001373291016,54.88325119018555
01-06-2016,58.75,59.029998779296875,526800,59.38999938964844,59.16999816894531,54.98545455932617
02-06-2016,59.119998931884766,59.16999816894531,455500,59.560001373291016,59.54999923706055,55.338592529296875
03-06-2016,59.189998626708984,59.56999969482422,491800,59.83000183105469,59.540000915527344,55.32928466796875
06-06-2016,59.529998779296875,59.54999923706055,551900,60.08000183105469,59.86000061035156,55.626670837402344
07-06-2016,59.59000015258789,59.90999984741211,491700,60.15999984741211,59.880001068115234,55.645259857177734
08-06-2016,59.77000045776367,59.77000045776367,629000,60.439998626708984,60.22999954223633,55.970497131347656
09-06-2016,59.869998931884766,59.869998931884766,520400,60.54999923706055,60.5,56.22140884399414
10-06-2016,59.599998474121094,59.91999816894531,763300,60.33000183105469,59.79999923706055,55.5709114074707
13-06-2016,59.20000076293945,59.459999084472656,754000,59.869998931884766,59.220001220703125,55.03193664550781
14-06-2016,58.93000030517578,59.16999816894531,446300,59.68000030517578,59.58000183105469,55.36647033691406
15-06-2016,58.93000030517578,59.84000015258789,513200,60.0099983215332,58.97999954223633,54.80889892578125
16-06-2016,58.18000030517578,58.779998779296875,397700,58.91999816894531,58.7400016784668,54.58588409423828
17-06-2016,58.08000183105469,58.7400016784668,1016700,58.9900016784668,58.36000061035156,54.23275375366211
20-06-2016,59.040000915527344,59.040000915527344,563800,59.91999816894531,59.849998474121094,55.61737060546875
21-06-2016,60.31999969482422,60.52000045776367,1517300,61.959999084472656,61.779998779296875,57.4108772277832
22-06-2016,61.630001068115234,61.75,1041300,62.7400016784668,62.33000183105469,57.9219970703125
23-06-2016,62.72999954223633,62.75,1109400,64.12000274658203,64.08000183105469,59.5482292175293
24-06-2016,60.4900016784668,62.59000015258789,1495000,62.59000015258789,60.52000045776367,56.239994049072266
27-06-2016,58.279998779296875,60.29999923706055,1250500,60.459999084472656,59.220001220703125,55.03193664550781
28-06-2016,59.310001373291016,60.119998931884766,818800,60.34000015258789,60.34000015258789,56.07272720336914
29-06-2016,60.66999816894531,60.939998626708984,783400,62.13999938964844,62.029998779296875,57.6431999206543
30-06-2016,61.529998779296875,61.779998779296875,1013200,63.25,63.22999954223633,58.75834655761719
01-07-2016,62.959999084472656,63.22999954223633,661000,63.9900016784668,63.529998779296875,59.03712844848633
05-07-2016,63.38999938964844,63.70000076293945,964300,63.849998474121094,63.599998474121094,59.102169036865234
06-07-2016,63.41999816894531,63.41999816894531,1052100,64.18000030517578,63.90999984741211,59.39024353027344
07-07-2016,63.279998779296875,63.59000015258789,704900,63.93000030517578,63.349998474121094,58.869850158691406
08-07-2016,63.540000915527344,63.790000915527344,1356200,64.56999969482422,64.51000213623047,59.94783401489258
11-07-2016,64.26000213623047,64.9800033569336,484300,64.9800033569336,64.27999877929688,59.73407745361328
12-07-2016,63.849998474121094,64.27999877929688,675200,64.56999969482422,64.0199966430664,59.49246597290039
13-07-2016,64.12000274658203,64.12000274658203,730900,64.95999908447266,64.43000030517578,59.87348175048828
14-07-2016,64.70999908447266,65.0,654900,65.13999938964844,65.0999984741211,60.496089935302734
15-07-2016,64.31999969482422,65.02999877929688,1207400,65.29000091552734,64.80000305175781,60.21731948852539
18-07-2016,65.12000274658203,65.12000274658203,912600,65.9000015258789,65.87999725341797,61.22092056274414
19-07-2016,65.44000244140625,65.7699966430664,1061000,66.19000244140625,65.51000213623047,60.87710952758789
20-07-2016,65.93000030517578,65.9800033569336,508400,66.47000122070312,66.12999725341797,61.4532470703125
21-07-2016,65.62999725341797,65.91000366210938,414000,66.37000274658203,65.88999938964844,61.2302131652832
22-07-2016,65.55999755859375,65.86000061035156,983800,66.11000061035156,65.93000030517578,61.267398834228516
25-07-2016,65.20999908447266,65.7699966430664,741900,65.93000030517578,65.51000213623047,60.87710952758789
26-07-2016,65.05000305175781,65.29000091552734,608700,65.9800033569336,65.94999694824219,61.28596878051758
27-07-2016,64.7300033569336,65.66000366210938,1029900,65.66000366210938,65.12999725341797,60.52397155761719
28-07-2016,64.95999908447266,65.19000244140625,1084200,65.81999969482422,65.69999694824219,61.05364227294922
29-07-2016,68.29000091552734,68.5,1853000,69.37999725341797,68.87999725341797,64.0087661743164
01-08-2016,68.88999938964844,69.0199966430664,1226800,70.16000366210938,69.8499984741211,64.91016387939453
02-08-2016,69.26000213623047,69.9000015258789,571600,70.12999725341797,69.37999725341797,64.4734115600586
03-08-2016,68.63999938964844,69.38999938964844,871600,69.56999969482422,68.80000305175781,63.93440628051758
04-08-2016,68.27999877929688,68.5999984741211,597200,69.44999694824219,69.0999984741211,64.21320343017578
05-08-2016,69.41000366210938,69.44999694824219,935800,69.97000122070312,69.8499984741211,64.91016387939453
08-08-2016,69.62999725341797,69.79000091552734,886900,70.5999984741211,70.56999969482422,65.5792465209961
09-08-2016,70.16000366210938,70.45999908447266,870200,70.80000305175781,70.66999816894531,65.67216491699219
10-08-2016,70.04000091552734,70.55999755859375,768800,70.79000091552734,70.16999816894531,65.20753479003906
11-08-2016,70.22000122070312,70.4800033569336,619400,70.80000305175781,70.51000213623047,65.52349853515625
12-08-2016,70.16000366210938,70.5,662400,70.70999908447266,70.41999816894531,65.43987274169922
15-08-2016,70.26000213623047,70.41000366210938,829600,70.9000015258789,70.5999984741211,65.60712432861328
16-08-2016,69.08999633789062,69.88999938964844,1082700,69.88999938964844,69.08999633789062,64.50543975830078
17-08-2016,68.44000244140625,69.08999633789062,1198900,69.66000366210938,68.4800033569336,63.9359130859375
18-08-2016,68.56999969482422,68.58999633789062,661700,69.58999633789062,69.56999969482422,64.95358276367188
19-08-2016,69.31999969482422,69.31999969482422,684800,70.0999984741211,70.06999969482422,65.42040252685547
22-08-2016,69.44999694824219,69.6500015258789,634100,69.88999938964844,69.77999877929688,65.14965057373047
23-08-2016,67.27999877929688,67.93000030517578,2999800,68.91999816894531,67.31999969482422,62.852901458740234
24-08-2016,67.31999969482422,67.31999969482422,1471900,68.55000305175781,68.0,63.48775100708008
25-08-2016,68.0199966430664,68.16000366210938,885200,68.87000274658203,68.44000244140625,63.8985595703125
26-08-2016,68.51000213623047,68.73999786376953,1059500,69.27999877929688,69.02999877929688,64.44940948486328
29-08-2016,65.6500015258789,65.6500015258789,1734000,68.19000244140625,67.9000015258789,63.394371032714844
30-08-2016,67.0199966430664,67.73999786376953,1392100,68.11000061035156,67.22000122070312,62.75951385498047
31-08-2016,66.68000030517578,67.25,783500,67.62000274658203,66.69000244140625,62.264686584472656
01-09-2016,66.80999755859375,67.05999755859375,1224200,67.5,67.12000274658203,62.66614532470703
02-09-2016,66.86000061035156,66.88999938964844,740300,67.47000122070312,67.05999755859375,62.61012268066406
06-09-2016,66.97000122070312,67.23999786376953,745000,67.48999786376953,67.47000122070312,62.992923736572266
07-09-2016,67.3499984741211,67.43000030517578,737200,68.4000015258789,67.5999984741211,63.114288330078125
08-09-2016,67.05000305175781,67.52999877929688,633400,67.68000030517578,67.05999755859375,62.61012268066406
09-09-2016,65.44999694824219,66.45999908447266,981800,66.83000183105469,65.44999694824219,61.10696792602539
12-09-2016,65.12000274658203,65.13999938964844,879100,65.91999816894531,65.63999938964844,61.28437042236328
13-09-2016,64.4800033569336,65.2300033569336,927000,65.52999877929688,64.72000122070312,60.4254150390625
14-09-2016,64.43000030517578,64.93000030517578,639300,65.12000274658203,64.87000274658203,60.56545639038086
15-09-2016,64.72000122070312,64.83999633789062,1070500,65.48999786376953,64.95999908447266,60.649478912353516
16-09-2016,64.20999908447266,65.0199966430664,2466000,65.08999633789062,64.45999908447266,60.182655334472656
19-09-2016,63.16999816894531,64.95999908447266,1673900,65.1500015258789,63.72999954223633,59.5010871887207
20-09-2016,63.349998474121094,64.22000122070312,708000,64.2300033569336,63.45000076293945,59.23967742919922
21-09-2016,63.11000061035156,63.650001525878906,693000,63.959999084472656,63.79999923706055,59.56645965576172
22-09-2016,63.709999084472656,64.05999755859375,948700,64.6500015258789,63.97999954223633,59.7345085144043
23-09-2016,63.2400016784668,63.959999084472656,984100,64.19000244140625,63.25,59.05295181274414
26-09-2016,63.310001373291016,63.349998474121094,802900,63.900001525878906,63.59000015258789,59.370391845703125
27-09-2016,63.380001068115234,63.84000015258789,803500,64.70999908447266,64.5,60.22000503540039
28-09-2016,64.19999694824219,64.44999694824219,463500,64.77999877929688,64.73999786376953,60.44407272338867
29-09-2016,63.689998626708984,64.41999816894531,1325000,65.87999725341797,64.20999908447266,59.949241638183594
30-09-2016,64.69999694824219,64.83999633789062,922800,65.37999725341797,64.79000091552734,60.49076843261719
03-10-2016,63.61000061035156,64.36000061035156,873400,64.41000366210938,64.33000183105469,60.06128692626953
04-10-2016,63.79999923706055,64.38999938964844,718800,65.41999816894531,64.12000274658203,59.86521530151367
05-10-2016,63.689998626708984,64.12000274658203,828600,64.5,63.90999984741211,59.66915512084961
06-10-2016,63.65999984741211,63.869998931884766,534900,64.70999908447266,64.5,60.22000503540039
07-10-2016,63.459999084472656,64.73999786376953,1240100,64.88999938964844,63.93000030517578,59.68783187866211
10-10-2016,64.38999938964844,64.38999938964844,790500,65.58000183105469,65.16000366210938,60.83619689941406
11-10-2016,63.63999938964844,65.06999969482422,866300,65.06999969482422,64.08000183105469,59.82787322998047
12-10-2016,63.959999084472656,64.16999816894531,378400,64.37000274658203,64.05999755859375,59.8091926574707
13-10-2016,63.150001525878906,63.470001220703125,522500,63.880001068115234,63.849998474121094,59.613136291503906
14-10-2016,64.44000244140625,64.70999908447266,971400,65.44999694824219,64.6500015258789,60.36004638671875
17-10-2016,64.0,64.43000030517578,731000,64.48999786376953,64.18000030517578,59.92123794555664
18-10-2016,64.43000030517578,64.87000274658203,551300,65.06999969482422,64.98999786376953,60.6774787902832
19-10-2016,64.30999755859375,64.69000244140625,675000,64.95999908447266,64.5199966430664,60.23866653442383
20-10-2016,63.36000061035156,64.0199966430664,872000,64.4800033569336,63.58000183105469,59.36104965209961
21-10-2016,63.09000015258789,63.290000915527344,548300,63.84000015258789,63.720001220703125,59.491756439208984
24-10-2016,63.61000061035156,64.58000183105469,561200,64.58000183105469,63.7599983215332,59.52910232543945
25-10-2016,63.709999084472656,63.810001373291016,1010000,64.58000183105469,64.12999725341797,59.87455368041992
26-10-2016,58.959999084472656,62.439998626708984,4115400,62.439998626708984,60.54999923706055,56.5321044921875
27-10-2016,59.52000045776367,60.709999084472656,1790800,60.709999084472656,59.83000183105469,55.859893798828125
28-10-2016,59.630001068115234,60.439998626708984,716700,60.7400016784668,60.349998474121094,56.345375061035156
31-10-2016,59.33000183105469,59.70000076293945,1606800,60.09000015258789,59.77000045776367,55.80386734008789
01-11-2016,58.13999938964844,59.869998931884766,1045700,59.869998931884766,58.18000030517578,54.31937789916992
02-11-2016,57.439998626708984,57.86000061035156,1231000,58.36000061035156,57.54999923706055,53.73117446899414
03-11-2016,57.209999084472656,57.72999954223633,617200,58.060001373291016,57.34000015258789,53.53511047363281
04-11-2016,56.91999816894531,57.290000915527344,771600,57.880001068115234,57.41999816894531,53.609798431396484
07-11-2016,57.7400016784668,58.33000183105469,936300,58.41999816894531,57.959999084472656,54.113975524902344
08-11-2016,57.5,57.58000183105469,724400,58.18000030517578,57.59000015258789,54.076419830322266
09-11-2016,56.59000015258789,56.83000183105469,981200,58.369998931884766,58.36000061035156,54.7994384765625
10-11-2016,58.63999938964844,59.04999923706055,1078600,59.63999938964844,59.31999969482422,55.700870513916016
11-11-2016,58.619998931884766,58.97999954223633,1047000,59.9900016784668,59.849998474121094,56.198524475097656
14-11-2016,58.349998474121094,59.63999938964844,1059900,59.7599983215332,58.560001373291016,54.987239837646484
15-11-2016,58.150001525878906,58.529998779296875,730800,58.77000045776367,58.52000045776367,54.94968032836914
16-11-2016,57.65999984741211,58.220001220703125,654100,58.5099983215332,57.7599983215332,54.23603820800781
17-11-2016,57.630001068115234,57.869998931884766,520800,59.34000015258789,58.790000915527344,55.20320510864258
18-11-2016,58.38999938964844,58.90999984741211,514000,59.0099983215332,58.529998779296875,54.95906066894531
21-11-2016,58.040000915527344,58.150001525878906,567300,58.779998779296875,58.52000045776367,54.94968032836914
22-11-2016,57.45000076293945,58.86000061035156,784600,58.93000030517578,58.06999969482422,54.527130126953125
23-11-2016,57.7599983215332,57.97999954223633,486700,58.5,58.22999954223633,54.677364349365234
25-11-2016,58.529998779296875,58.7400016784668,226200,59.20000076293945,59.029998779296875,55.42856216430664
28-11-2016,58.95000076293945,58.95000076293945,1557100,60.689998626708984,60.61000061035156,56.91216278076172
29-11-2016,60.77000045776367,60.84000015258789,2484900,62.36000061035156,62.11000061035156,58.320648193359375
30-11-2016,61.369998931884766,61.84000015258789,1639100,61.970001220703125,61.47999954223633,57.72908020019531
01-12-2016,59.349998474121094,61.290000915527344,938400,61.470001220703125,59.560001373291016,55.92622375488281
02-12-2016,59.27000045776367,59.45000076293945,729200,60.029998779296875,59.52000045776367,55.8886604309082
05-12-2016,59.540000915527344,59.7400016784668,795600,60.06999969482422,59.93000030517578,56.273643493652344
06-12-2016,58.72999954223633,59.93000030517578,778800,59.93000030517578,59.779998779296875,56.1328010559082
07-12-2016,58.709999084472656,59.84000015258789,702400,60.59000015258789,60.34000015258789,56.65863037109375
08-12-2016,60.2599983215332,60.2599983215332,654000,61.38999938964844,61.369998931884766,57.625797271728516
09-12-2016,61.119998931884766,61.5,591600,62.290000915527344,62.22999954223633,58.43332290649414
12-12-2016,61.7599983215332,62.0,683300,62.90999984741211,62.77000045776367,58.940391540527344
13-12-2016,62.400001525878906,62.65999984741211,1194900,63.40999984741211,62.63999938964844,58.818321228027344
14-12-2016,61.970001220703125,62.529998779296875,669100,62.88999938964844,62.209999084472656,58.41455078125
15-12-2016,61.54999923706055,61.630001068115234,702300,62.540000915527344,62.310001373291016,58.50844955444336
16-12-2016,60.130001068115234,61.970001220703125,2096700,63.06999969482422,62.529998779296875,58.71501922607422
19-12-2016,62.09000015258789,62.09000015258789,679300,62.72999954223633,62.29999923706055,58.499061584472656
20-12-2016,61.27000045776367,62.29999923706055,1028000,62.29999923706055,62.029998779296875,58.24552536010742
21-12-2016,61.470001220703125,61.79999923706055,609900,62.150001525878906,61.619998931884766,57.860538482666016
22-12-2016,61.310001373291016,61.560001373291016,590700,61.900001525878906,61.619998931884766,57.860538482666016
23-12-2016,61.400001525878906,61.400001525878906,417900,62.18000030517578,62.029998779296875,58.24552536010742
27-12-2016,61.790000915527344,61.97999954223633,343700,62.61000061035156,61.86000061035156,58.08590316772461
28-12-2016,61.540000915527344,62.189998626708984,514600,62.40999984741211,61.68000030517578,57.91687774658203
29-12-2016,61.75,61.81999969482422,631400,62.45000076293945,62.439998626708984,58.63051223754883
30-12-2016,61.81999969482422,62.5,532600,62.58000183105469,62.04999923706055,58.26430892944336
03-01-2017,61.220001220703125,62.099998474121094,573900,62.099998474121094,61.95000076293945,58.17041015625
04-01-2017,61.720001220703125,62.2400016784668,758800,62.400001525878906,62.349998474121094,58.54600524902344
05-01-2017,61.630001068115234,62.52000045776367,627000,62.619998931884766,61.869998931884766,58.09528350830078
06-01-2017,61.75,61.95000076293945,481900,62.369998931884766,62.13999938964844,58.348812103271484
09-01-2017,62.040000915527344,62.08000183105469,482800,63.380001068115234,63.2599983215332,59.400489807128906
10-01-2017,62.88999938964844,62.88999938964844,630200,64.26000213623047,64.25,60.330081939697266
11-01-2017,63.220001220703125,63.33000183105469,783100,64.29000091552734,64.11000061035156,60.19863510131836
12-01-2017,63.2599983215332,63.689998626708984,529100,64.31999969482422,64.26000213623047,60.33946990966797
13-01-2017,64.5199966430664,64.68000030517578,696500,65.77999877929688,65.33000183105469,61.34420394897461
17-01-2017,63.63999938964844,64.63999938964844,1232000,64.69999694824219,64.18000030517578,60.26435470581055
18-01-2017,62.75,63.38999938964844,1022300,63.58000183105469,63.290000915527344,59.42866134643555
19-01-2017,62.709999084472656,63.29999923706055,601200,63.529998779296875,62.900001525878906,59.06244659423828
20-01-2017,63.060001373291016,63.27000045776367,614600,63.90999984741211,63.650001525878906,59.766693115234375
23-01-2017,62.63999938964844,62.63999938964844,1423000,63.63999938964844,63.599998474121094,59.71974182128906
24-01-2017,67.31999969482422,69.08000183105469,4248900,70.76000213623047,69.72000122070312,65.46635437011719
25-01-2017,69.19000244140625,69.5,1676600,70.58999633789062,69.8499984741211,65.58840942382812
26-01-2017,68.12000274658203,69.8499984741211,1257400,69.98999786376953,68.38999938964844,64.2175064086914
27-01-2017,67.91000366210938,68.63999938964844,682400,69.06999969482422,68.13999938964844,63.982757568359375
30-01-2017,67.29000091552734,67.7699966430664,1080800,68.0999984741211,67.69999694824219,63.56960678100586
31-01-2017,67.12000274658203,67.83999633789062,1164800,68.01000213623047,67.54000091552734,63.41936492919922
01-02-2017,66.18000030517578,67.44000244140625,1020000,67.5999984741211,66.94999694824219,62.8653678894043
02-02-2017,66.41000366210938,66.91999816894531,1122900,67.23999786376953,67.0,62.91230773925781
03-02-2017,67.0,67.16000366210938,625800,68.26000213623047,68.20999908447266,64.04846954345703
06-02-2017,67.30000305175781,67.5999984741211,1008200,68.70999908447266,68.69000244140625,64.49921417236328
07-02-2017,68.41999816894531,68.41999816894531,1039900,69.02999877929688,68.93000030517578,65.0370101928711
08-02-2017,68.23999786376953,68.47000122070312,1006100,69.62999725341797,69.36000061035156,65.4427261352539
09-02-2017,69.16999816894531,69.36000061035156,579800,69.83999633789062,69.80000305175781,65.85787200927734
10-02-2017,69.44999694824219,69.79000091552734,631300,70.23999786376953,70.2300033569336,66.26359558105469
13-02-2017,69.9800033569336,70.05999755859375,1070800,71.01000213623047,70.86000061035156,66.85801696777344
14-02-2017,70.37999725341797,70.37999725341797,801500,71.2300033569336,71.06999969482422,67.05614471435547
15-02-2017,70.95999908447266,71.0199966430664,579700,71.69999694824219,71.69999694824219,67.65055084228516
16-02-2017,71.45999908447266,72.06999969482422,584600,72.30000305175781,71.91999816894531,67.85813903808594
17-02-2017,71.54000091552734,71.54000091552734,395700,72.3499984741211,72.2699966430664,68.1883773803711
21-02-2017,71.62999725341797,72.11000061035156,999700,72.37999725341797,72.20999908447266,68.13175201416016
22-02-2017,71.91999816894531,72.22000122070312,938600,72.69999694824219,72.37999725341797,68.29216766357422
23-02-2017,71.20999908447266,72.12000274658203,665400,72.27999877929688,71.62000274658203,67.57508087158203
24-02-2017,70.70999908447266,70.70999908447266,487300,72.02999877929688,71.95999908447266,67.8958740234375
27-02-2017,71.45999908447266,72.19000244140625,602900,72.41000366210938,72.0199966430664,67.9524917602539
28-02-2017,71.87000274658203,71.97000122070312,602700,72.33999633789062,72.02999877929688,67.96192932128906
01-03-2017,72.0,72.08000183105469,497900,73.05999755859375,72.94999694824219,68.82997131347656
02-03-2017,72.37000274658203,72.37000274658203,578900,73.45999908447266,72.4800033569336,68.38651275634766
03-03-2017,71.83999633789062,72.22000122070312,347800,72.45999908447266,72.37999725341797,68.29216766357422
06-03-2017,71.31999969482422,71.66999816894531,522300,72.0199966430664,71.81999969482422,67.76380920410156
07-03-2017,71.37999725341797,71.79000091552734,614400,71.87999725341797,71.5199966430664,67.48074340820312
08-03-2017,70.69999694824219,71.30000305175781,729700,71.5999984741211,70.7300033569336,66.73538208007812
09-03-2017,70.38999938964844,70.87999725341797,448600,71.23999786376953,70.77999877929688,66.78253173828125
10-03-2017,71.05999755859375,71.4800033569336,614300,71.4800033569336,71.44000244140625,67.40525817871094
13-03-2017,71.01000213623047,71.2300033569336,495800,71.76000213623047,71.68000030517578,67.6316909790039
14-03-2017,70.86000061035156,71.43000030517578,439600,71.5999984741211,71.0,66.99010467529297
15-03-2017,70.88999938964844,71.20999908447266,700400,71.62999725341797,71.48999786376953,67.45242309570312
16-03-2017,70.9000015258789,70.9000015258789,355700,71.55999755859375,71.27999877929688,67.25428009033203
17-03-2017,71.04000091552734,71.04000091552734,916700,71.95999908447266,71.63999938964844,67.59394836425781
20-03-2017,71.25,71.79000091552734,432400,71.9000015258789,71.30999755859375,67.28260040283203
21-03-2017,70.56999969482422,71.87999725341797,593300,72.37999725341797,70.72000122070312,66.72592163085938
22-03-2017,70.11000061035156,70.61000061035156,469400,71.44999694824219,71.29000091552734,67.26371765136719
23-03-2017,71.04000091552734,71.18000030517578,611100,72.08999633789062,71.30999755859375,67.28260040283203
24-03-2017,71.0999984741211,71.30999755859375,616200,72.0199966430664,71.56999969482422,67.52790832519531
27-03-2017,70.9000015258789,71.45999908447266,407800,71.75,71.68000030517578,67.6316909790039
28-03-2017,71.12000274658203,71.55000305175781,814900,72.16000366210938,71.95999908447266,67.8958740234375
29-03-2017,71.97000122070312,71.97000122070312,701900,72.80000305175781,72.4800033569336,68.38651275634766
30-03-2017,71.48999786376953,72.11000061035156,471500,72.26000213623047,71.5199966430664,67.48074340820312
31-03-2017,71.25,71.31999969482422,541000,72.18000030517578,71.97000122070312,67.9052963256836
03-04-2017,70.75,71.6500015258789,649600,71.87999725341797,71.37999725341797,67.34864044189453
04-04-2017,70.4000015258789,71.37999725341797,687400,71.62999725341797,70.55000305175781,66.56551361083984
05-04-2017,69.11000061035156,70.44999694824219,1404800,70.75,69.26000213623047,65.34838104248047
06-04-2017,68.79000091552734,69.25,1002800,69.55999755859375,69.05000305175781,65.1502456665039
07-04-2017,68.8499984741211,68.8499984741211,604100,69.29000091552734,69.02999877929688,65.13135528564453
10-04-2017,68.79000091552734,69.08000183105469,456100,69.41000366210938,68.9800033569336,65.08417510986328
11-04-2017,68.69999694824219,68.97000122070312,672300,69.47000122070312,69.43000030517578,65.50875854492188
12-04-2017,67.86000061035156,67.86000061035156,515800,69.2300033569336,68.41000366210938,64.54638671875
13-04-2017,67.91999816894531,68.19000244140625,445800,68.54000091552734,68.12000274658203,64.27275085449219
17-04-2017,68.37000274658203,68.37000274658203,448800,69.36000061035156,69.25,65.33893585205078
18-04-2017,68.61000061035156,68.86000061035156,420700,69.1500015258789,68.6500015258789,64.7728271484375
19-04-2017,68.58000183105469,69.01000213623047,473600,69.16999816894531,69.0999984741211,65.19739532470703
20-04-2017,68.20999908447266,68.69000244140625,620200,69.77999877929688,69.62000274658203,65.68801879882812
21-04-2017,68.3499984741211,69.62000274658203,1183000,69.93000030517578,69.83999633789062,65.89562225341797
24-04-2017,69.88999938964844,70.26000213623047,882200,70.86000061035156,70.73999786376953,66.74478912353516
25-04-2017,70.77999877929688,71.01000213623047,899500,71.23999786376953,70.94000244140625,66.93348693847656
26-04-2017,70.66999816894531,70.98999786376953,1153700,71.94000244140625,71.75,67.69774627685547
27-04-2017,71.25,71.44999694824219,1387400,73.06999969482422,72.8499984741211,68.73561096191406
28-04-2017,67.04000091552734,67.19999694824219,3020200,70.33000183105469,67.98999786376953,64.15009307861328
01-05-2017,67.70999908447266,68.58000183105469,1074000,68.95999908447266,68.91999816894531,65.027587890625
02-05-2017,68.95999908447266,69.01000213623047,1118700,70.5199966430664,69.79000091552734,65.84844207763672
03-05-2017,68.83999633789062,69.63999938964844,831200,69.83999633789062,68.94999694824219,65.05586242675781
04-05-2017,68.44000244140625,68.88999938964844,460100,69.1500015258789,69.0,65.10303497314453
05-05-2017,68.94999694824219,69.22000122070312,515600,69.77999877929688,69.38999938964844,65.47103118896484
08-05-2017,68.3499984741211,69.1500015258789,623600,69.25,68.55000305175781,64.67845153808594
09-05-2017,67.16000366210938,68.1500015258789,727600,68.2300033569336,67.45999908447266,63.957923889160156
10-05-2017,67.33000183105469,67.51000213623047,561700,68.23999786376953,68.19999694824219,64.65950775146484
11-05-2017,67.6500015258789,68.01000213623047,522100,68.1500015258789,67.93000030517578,64.40351867675781
12-05-2017,67.94999694824219,68.04000091552734,493400,68.44999694824219,68.36000061035156,64.81121826171875
15-05-2017,68.41000366210938,68.41000366210938,526900,68.95999908447266,68.88999938964844,65.31368255615234
16-05-2017,68.29000091552734,69.08999633789062,310700,69.31999969482422,68.4800033569336,64.92497253417969
17-05-2017,67.47000122070312,68.4800033569336,472700,68.4800033569336,67.66000366210938,64.14755249023438
18-05-2017,67.1500015258789,67.80999755859375,450100,67.91000366210938,67.5,63.995849609375
19-05-2017,67.61000061035156,68.0,324400,68.5199966430664,68.4000015258789,64.84910583496094
22-05-2017,68.41000366210938,68.55999755859375,482900,69.58999633789062,69.51000213623047,65.9015121459961
23-05-2017,69.27999877929688,69.6500015258789,604600,69.95999908447266,69.5999984741211,65.98682403564453
24-05-2017,69.61000061035156,69.80999755859375,518000,70.1500015258789,69.93000030517578,66.29971313476562
25-05-2017,69.97000122070312,70.1500015258789,366600,70.38999938964844,70.05000305175781,66.41346740722656
26-05-2017,69.68000030517578,69.95999908447266,238200,70.19000244140625,70.06999969482422,66.43243408203125
30-05-2017,69.58999633789062,69.91000366210938,2318400,70.12000274658203,70.0,66.3660659790039
31-05-2017,70.0,70.30999755859375,852200,71.30000305175781,71.0999984741211,67.4089584350586
01-06-2017,70.77999877929688,71.0199966430664,505100,71.9000015258789,71.9000015258789,68.16744232177734
02-06-2017,71.7300033569336,72.0999984741211,607300,72.63999938964844,71.95999908447266,68.22429656982422
05-06-2017,72.41000366210938,72.75,773800,72.87999725341797,72.75,68.97331237792969
06-06-2017,72.47000122070312,72.47000122070312,401500,73.01000213623047,72.55000305175781,68.78369140625
07-06-2017,72.5,72.75,393700,73.36000061035156,73.31999969482422,69.51371002197266
08-06-2017,73.01000213623047,73.30999755859375,443700,73.58999633789062,73.2699966430664,69.46630859375
09-06-2017,72.79000091552734,73.19000244140625,646700,73.83000183105469,73.4800033569336,69.66539764404297
12-06-2017,72.8499984741211,73.4800033569336,465200,73.66999816894531,73.04000091552734,69.24825286865234
13-06-2017,73.51000213623047,73.51000213623047,747300,75.54000091552734,75.16000366210938,71.25819396972656
14-06-2017,74.91999816894531,75.20999908447266,559500,76.0,75.3499984741211,71.43832397460938
15-06-2017,75.0,75.37000274658203,739100,76.19000244140625,76.16999816894531,72.21575164794922
16-06-2017,75.80999755859375,76.13999938964844,1319300,77.44999694824219,77.0999984741211,73.09748077392578
19-06-2017,77.08999633789062,77.08999633789062,999200,79.22000122070312,78.91000366210938,74.81352996826172
20-06-2017,78.0999984741211,78.69000244140625,769000,78.91999816894531,78.47000122070312,74.39637756347656
21-06-2017,78.0999984741211,79.0,1086300,79.44000244140625,78.38999938964844,74.32049560546875
22-06-2017,77.55999755859375,78.37999725341797,526000,78.44999694824219,77.62999725341797,73.59996032714844
23-06-2017,77.52999877929688,77.79000091552734,707200,78.56999969482422,78.44000244140625,74.367919921875
26-06-2017,77.6500015258789,78.44999694824219,955900,78.52999877929688,77.69000244140625,73.6568603515625
27-06-2017,76.97000122070312,77.9000015258789,345900,77.94999694824219,77.0199966430664,73.02162170410156
28-06-2017,76.5199966430664,77.58999633789062,524000,77.62999725341797,77.16999816894531,73.1638412475586
29-06-2017,76.41000366210938,77.52999877929688,424600,77.77999877929688,77.08999633789062,73.08799743652344
30-06-2017,77.23999786376953,77.44999694824219,528300,78.13999938964844,77.87000274658203,73.82752990722656
03-07-2017,77.05999755859375,77.4000015258789,358000,77.81999969482422,77.79000091552734,73.75165557861328
05-07-2017,75.7699966430664,77.0999984741211,865600,77.3499984741211,77.08000183105469,73.07853698730469
06-07-2017,75.94999694824219,76.8499984741211,1013900,76.86000061035156,76.04000091552734,72.0925064086914
07-07-2017,75.4800033569336,75.94999694824219,422300,77.11000061035156,76.81999969482422,72.8320083618164
10-07-2017,76.58000183105469,76.62999725341797,646200,77.18000030517578,76.81999969482422,72.8320083618164
11-07-2017,75.83000183105469,76.69999694824219,741900,76.80999755859375,76.43000030517578,72.46227264404297
12-07-2017,76.44000244140625,76.94999694824219,611800,77.41999816894531,77.0999984741211,73.09748077392578
13-07-2017,76.16000366210938,77.5,379900,77.5,77.12000274658203,73.11643981933594
14-07-2017,77.30000305175781,77.43000030517578,834800,77.98999786376953,77.58999633789062,73.56204223632812
17-07-2017,77.01000213623047,77.51000213623047,417800,77.81999969482422,77.62000274658203,73.59049224853516
18-07-2017,77.05999755859375,77.2300033569336,345000,77.69999694824219,77.5199966430664,73.49568939208984
19-07-2017,77.2300033569336,77.5,494700,78.23999786376953,78.05999755859375,74.00762939453125
20-07-2017,77.75,78.83000183105469,1944200,79.0,78.02999877929688,73.97919464111328
21-07-2017,76.68000030517578,78.04000091552734,1267900,78.23999786376953,77.0,73.00267791748047
24-07-2017,76.55999755859375,77.08999633789062,1065400,77.33000183105469,77.19000244140625,73.18280792236328
25-07-2017,77.3499984741211,77.69000244140625,30299300,79.62999725341797,77.68000030517578,73.6473617553711
26-07-2017,77.38999938964844,77.6500015258789,1680300,78.87999725341797,77.66000366210938,73.62841033935547
27-07-2017,77.31999969482422,77.77999877929688,872400,78.19000244140625,77.45999908447266,73.43878173828125
28-07-2017,76.58000183105469,77.37999725341797,736100,77.69000244140625,77.38999938964844,73.3724365234375
31-07-2017,76.83000183105469,77.6500015258789,1269000,77.72000122070312,77.12000274658203,73.11643981933594
01-08-2017,77.05999755859375,77.48999786376953,1017600,78.37000274658203,77.4800033569336,73.45775604248047
02-08-2017,71.29000091552734,77.4800033569336,4356000,77.4800033569336,72.51000213623047,68.74575805664062
03-08-2017,72.0999984741211,72.0999984741211,1243800,73.69000244140625,73.44999694824219,69.63695526123047
04-08-2017,74.0999984741211,74.19999694824219,1181400,75.44000244140625,75.08999633789062,71.19181823730469
07-08-2017,74.5999984741211,75.16000366210938,572400,75.47000122070312,75.05000305175781,71.15388488769531
08-08-2017,74.11000061035156,74.94000244140625,907200,75.2699966430664,74.4000015258789,70.53765106201172
09-08-2017,73.51000213623047,74.12999725341797,845400,74.20999908447266,74.12000274658203,70.27217102050781
10-08-2017,72.55999755859375,73.83000183105469,693400,73.98999786376953,72.62000274658203,68.85003662109375
11-08-2017,72.5199966430664,72.62000274658203,427200,73.2699966430664,72.55999755859375,68.79315948486328
14-08-2017,72.95999908447266,73.0199966430664,447000,73.6500015258789,73.62000274658203,69.79814147949219
15-08-2017,72.44000244140625,73.30000305175781,506600,73.30000305175781,72.44000244140625,69.00745391845703
16-08-2017,72.5,72.68000030517578,468000,72.95999908447266,72.69999694824219,69.25514221191406
17-08-2017,72.77999877929688,72.94000244140625,460700,73.48999786376953,72.79000091552734,69.34089660644531
18-08-2017,72.48999786376953,72.81999969482422,529500,73.26000213623047,73.06999969482422,69.60761260986328
21-08-2017,72.73999786376953,73.05999755859375,310800,73.52999877929688,73.44000244140625,69.96007537841797
22-08-2017,73.48999786376953,73.5199966430664,500300,74.8499984741211,74.55000305175781,71.01750183105469
23-08-2017,73.75,74.44000244140625,510900,74.66000366210938,73.91000366210938,70.4078140258789
24-08-2017,73.56999969482422,73.81999969482422,439500,74.16000366210938,73.9000015258789,70.39826965332031
25-08-2017,73.8499984741211,74.30000305175781,459800,74.41000366210938,74.19999694824219,70.68406677246094
28-08-2017,74.2300033569336,74.2300033569336,620600,75.54000091552734,75.54000091552734,71.96058654785156
29-08-2017,74.87000274658203,75.04000091552734,491800,75.68000030517578,74.94999694824219,71.39852142333984
30-08-2017,74.94999694824219,74.94999694824219,439900,75.76000213623047,75.58000183105469,71.99867248535156
31-08-2017,75.75,76.0,743000,77.68000030517578,77.58000183105469,73.90390014648438
01-09-2017,77.05999755859375,77.55999755859375,424600,77.94999694824219,77.58999633789062,73.91342163085938
05-09-2017,76.26000213623047,77.30000305175781,850100,77.5,76.5999984741211,72.97032928466797
06-09-2017,76.56999969482422,76.7699966430664,397900,77.77999877929688,77.66000366210938,73.9801254272461
07-09-2017,77.06999969482422,77.76000213623047,572700,78.86000061035156,78.81999969482422,75.08515167236328
08-09-2017,78.87000274658203,79.01000213623047,557400,80.37999725341797,79.83999633789062,76.05681610107422
11-09-2017,80.01000213623047,80.58999633789062,720800,81.87000274658203,81.37999725341797,77.52384185791016
12-09-2017,80.55999755859375,81.26000213623047,606000,81.29000091552734,80.87999725341797,77.04753112792969
13-09-2017,79.22000122070312,80.79000091552734,672100,80.8499984741211,79.61000061035156,75.83772277832031
14-09-2017,79.12000274658203,79.4000015258789,783600,80.61000061035156,80.55000305175781,76.73316955566406
15-09-2017,79.19999694824219,80.44999694824219,1256600,80.5,79.2300033569336,75.47572326660156
18-09-2017,79.30000305175781,79.63999938964844,439000,79.97000122070312,79.52999877929688,75.76151275634766
19-09-2017,78.87000274658203,79.52999877929688,440400,79.63999938964844,79.44999694824219,75.68527221679688
20-09-2017,78.95999908447266,79.58999633789062,364900,80.05000305175781,79.5999984741211,75.82819366455078
21-09-2017,77.22000122070312,78.5,768900,78.75,77.31999969482422,73.6562271118164
22-09-2017,77.12000274658203,77.16999816894531,601700,77.5999984741211,77.37999725341797,73.71338653564453
25-09-2017,76.62000274658203,77.3499984741211,504100,77.5999984741211,77.19999694824219,73.54191589355469
26-09-2017,76.27999877929688,76.76000213623047,445900,76.98999786376953,76.30000305175781,72.68455505371094
27-09-2017,75.27999877929688,76.62000274658203,669700,76.80000305175781,76.16000366210938,72.55120086669922
28-09-2017,75.83000183105469,76.52999877929688,445600,76.76000213623047,76.11000061035156,72.50357055664062
29-09-2017,75.83000183105469,76.01000213623047,423600,77.0,76.95999908447266,73.31327819824219
02-10-2017,76.55999755859375,76.94000244140625,349800,77.44000244140625,77.41000366210938,73.7419662475586
03-10-2017,76.18000030517578,77.31999969482422,528800,77.80000305175781,76.52999877929688,72.90364837646484
04-10-2017,76.31999969482422,76.44999694824219,508000,77.37999725341797,77.2699966430664,73.60861206054688
05-10-2017,76.91000366210938,77.26000213623047,439500,77.6500015258789,77.30000305175781,73.63717651367188
06-10-2017,76.76000213623047,76.93000030517578,352500,77.36000061035156,77.25,73.58953857421875
09-10-2017,75.94999694824219,77.11000061035156,388400,77.2300033569336,76.13999938964844,72.53216552734375
10-10-2017,75.62000274658203,76.11000061035156,443300,76.2699966430664,76.20999908447266,72.59883117675781
11-10-2017,76.0199966430664,76.41000366210938,419600,76.81999969482422,76.55000305175781,72.92271423339844
12-10-2017,76.80000305175781,76.9000015258789,546600,77.63999938964844,77.58999633789062,73.91342163085938
13-10-2017,77.2699966430664,77.80999755859375,465800,78.05999755859375,77.62999725341797,73.95154571533203
16-10-2017,77.33000183105469,77.62000274658203,449600,78.0199966430664,77.7300033569336,74.04679870605469
17-10-2017,77.51000213623047,77.75,280700,78.51000213623047,78.41999816894531,74.70411682128906
18-10-2017,78.45999908447266,78.87999725341797,422700,79.12999725341797,78.87000274658203,75.1327896118164
19-10-2017,77.75,78.55000305175781,337600,78.87000274658203,78.79000091552734,75.05657196044922
20-10-2017,78.61000061035156,79.18000030517578,462600,79.44000244140625,79.0,75.2566146850586
23-10-2017,78.5999984741211,78.5999984741211,652400,80.5999984741211,79.81999969482422,76.03775787353516
24-10-2017,78.5,78.98999786376953,677300,79.27999877929688,79.05000305175781,75.30426788330078
25-10-2017,77.70999908447266,78.58000183105469,724800,79.91000366210938,78.4000015258789,74.68506622314453
26-10-2017,77.87000274658203,78.52999877929688,836700,79.6500015258789,78.61000061035156,74.88509368896484
27-10-2017,81.01000213623047,81.87999725341797,1970500,87.80999755859375,84.41999816894531,80.4198226928711
30-10-2017,82.73999786376953,84.55000305175781,1142900,84.55000305175781,82.98999786376953,79.05756378173828
31-10-2017,83.19999694824219,83.3499984741211,717200,84.31999969482422,84.18000030517578,80.191162109375
01-11-2017,84.5,84.68000030517578,988900,85.87999725341797,85.7699966430664,81.70581817626953
02-11-2017,82.33000183105469,84.68000030517578,1133400,84.88999938964844,82.86000061035156,78.93372344970703
03-11-2017,81.75,82.08999633789062,1129000,83.7300033569336,83.12000274658203,79.18140411376953
06-11-2017,82.6500015258789,83.19999694824219,450200,83.93000030517578,83.23999786376953,79.29571533203125
07-11-2017,82.36000061035156,83.23999786376953,824800,83.37999725341797,82.48999786376953,78.58125305175781
08-11-2017,81.77999877929688,82.16000366210938,1230800,82.75,82.19000244140625,78.62909698486328
09-11-2017,81.97000122070312,82.05000305175781,598000,82.9000015258789,82.72000122070312,79.13613891601562
10-11-2017,81.5199966430664,82.31999969482422,374900,83.06999969482422,83.05999755859375,79.46139526367188
13-11-2017,81.9000015258789,82.38999938964844,918200,84.37000274658203,84.0,80.36064910888672
14-11-2017,82.7699966430664,83.5199966430664,668600,84.25,84.22000122070312,80.57113647460938
15-11-2017,83.37000274658203,84.0,497200,84.44000244140625,84.25,80.5998306274414
16-11-2017,84.2699966430664,84.29000091552734,649900,85.19999694824219,84.9800033569336,81.29822540283203
17-11-2017,83.6500015258789,84.83999633789062,459000,84.91000366210938,84.62999725341797,80.96336364746094
20-11-2017,83.54000091552734,84.5999984741211,422700,84.7300033569336,84.70999908447266,81.03990936279297
21-11-2017,84.36000061035156,84.83000183105469,611400,85.69000244140625,85.66000366210938,81.9487533569336
22-11-2017,84.7699966430664,85.41000366210938,637400,85.41000366210938,85.2699966430664,81.57563781738281
24-11-2017,84.48999786376953,85.2699966430664,153600,85.55999755859375,85.11000061035156,81.42257690429688
27-11-2017,84.37999725341797,84.9000015258789,506900,85.01000213623047,84.68000030517578,81.01121520996094
28-11-2017,84.08999633789062,84.70999908447266,521100,85.5,85.19000244140625,81.49911499023438
29-11-2017,84.81999969482422,84.81999969482422,406500,85.48999786376953,85.25,81.55650329589844
30-11-2017,85.08000183105469,85.37000274658203,1042300,86.5,85.4000015258789,81.70001983642578
01-12-2017,82.80999755859375,85.36000061035156,726100,85.37999725341797,84.25,80.5998306274414
04-12-2017,83.56999969482422,84.30999755859375,962200,84.72000122070312,83.56999969482422,79.94929504394531
05-12-2017,83.5999984741211,83.87999725341797,588400,85.06999969482422,84.3499984741211,80.69551086425781
06-12-2017,84.04000091552734,84.33000183105469,444500,85.27999877929688,85.18000030517578,81.48955535888672
07-12-2017,84.93000030517578,85.16999816894531,454400,86.02999877929688,85.7699966430664,82.05396270751953
08-12-2017,85.52999877929688,85.8499984741211,550100,86.54000091552734,86.37000274658203,82.62799072265625
11-12-2017,85.87000274658203,86.30000305175781,426900,86.51000213623047,86.44000244140625,82.69497680664062
12-12-2017,85.27999877929688,85.5999984741211,493200,86.69999694824219,85.83999633789062,82.12094116210938
13-12-2017,85.01000213623047,85.33000183105469,656700,85.9800033569336,85.01000213623047,81.32691192626953
14-12-2017,83.87999725341797,84.79000091552734,562700,84.95999908447266,83.93000030517578,80.29371643066406
15-12-2017,84.37000274658203,84.51000213623047,1367200,85.58000183105469,85.29000091552734,81.59477233886719
18-12-2017,85.48999786376953,85.70999908447266,487000,86.5199966430664,85.69999694824219,81.98700714111328
19-12-2017,85.52999877929688,86.06999969482422,405600,86.44999694824219,86.12000274658203,82.3888168334961
20-12-2017,85.52999877929688,86.19999694824219,469700,86.30000305175781,85.56999969482422,81.86264038085938
21-12-2017,84.69999694824219,85.66000366210938,472000,85.93000030517578,84.9800033569336,81.29822540283203
22-12-2017,84.63999938964844,85.08999633789062,261300,85.5,85.11000061035156,81.42257690429688
26-12-2017,85.2699966430664,85.2699966430664,281300,86.06999969482422,85.58999633789062,81.88176727294922
27-12-2017,85.16999816894531,85.55999755859375,262000,86.0199966430664,85.76000213623047,82.04441833496094
28-12-2017,85.61000061035156,85.75,313000,86.30000305175781,86.26000213623047,82.52274322509766
29-12-2017,84.66999816894531,86.33000183105469,406200,86.33000183105469,84.69000244140625,81.02075958251953
02-01-2018,84.93000030517578,85.19999694824219,328500,86.12000274658203,85.52999877929688,81.82438659667969
03-01-2018,85.30999755859375,85.37999725341797,480800,86.6500015258789,86.41999816894531,82.67582702636719
04-01-2018,86.2300033569336,86.54000091552734,627500,86.8499984741211,86.54000091552734,82.79060363769531
05-01-2018,86.12000274658203,86.58999633789062,531600,87.69000244140625,87.69000244140625,83.89079284667969
08-01-2018,87.23999786376953,87.66999816894531,713600,88.48999786376953,88.19000244140625,84.369140625
09-01-2018,87.22000122070312,87.93000030517578,463500,88.47000122070312,88.0,84.18737030029297
10-01-2018,86.44000244140625,87.31999969482422,340900,87.61000061035156,87.0999984741211,83.32636260986328
11-01-2018,86.26000213623047,86.48999786376953,343100,87.05999755859375,87.04000091552734,83.26895141601562
12-01-2018,86.66999816894531,87.12999725341797,339200,87.94000244140625,87.77999877929688,83.97689819335938
16-01-2018,87.5999984741211,88.18000030517578,559400,88.33000183105469,87.86000061035156,84.05342864990234
17-01-2018,87.80999755859375,88.2699966430664,569200,89.0999984741211,88.7300033569336,84.8857421875
18-01-2018,87.91000366210938,88.1500015258789,585400,89.20999908447266,88.79000091552734,84.94314575195312
19-01-2018,88.51000213623047,89.20999908447266,855100,89.72000122070312,88.68000030517578,84.83790588378906
22-01-2018,87.0999984741211,88.37000274658203,1119900,88.6500015258789,87.51000213623047,83.71858978271484
23-01-2018,97.37000274658203,98.7300033569336,4695800,104.77999877929688,100.3499984741211,96.00230407714844
24-01-2018,99.25,99.5999984741211,1923600,100.88999938964844,100.22000122070312,95.8779296875
25-01-2018,99.75,100.68000030517578,900700,101.94999694824219,101.62000274658203,97.21727752685547
26-01-2018,101.19999694824219,101.77999877929688,673000,102.9800033569336,102.80000305175781,98.34616088867188
29-01-2018,102.44000244140625,102.80000305175781,733900,103.58000183105469,102.81999969482422,98.36526489257812
30-01-2018,98.9000015258789,99.87999725341797,1258100,102.25,100.66999816894531,96.30843353271484
31-01-2018,100.08000183105469,101.2300033569336,798000,101.48999786376953,100.79000091552734,96.42322540283203
01-02-2018,99.29000091552734,100.25,743300,101.37000274658203,99.6500015258789,95.3326187133789
02-02-2018,96.81999969482422,98.75,764500,99.13999938964844,96.97000122070312,92.76873016357422
05-02-2018,93.13999938964844,95.98999786376953,1024400,97.41000366210938,93.33000183105469,89.28643798828125
06-02-2018,91.47000122070312,91.79000091552734,1203700,95.5199966430664,95.05000305175781,90.93193817138672
07-02-2018,92.55999755859375,93.31999969482422,845800,94.93000030517578,92.58999633789062,88.90587615966797
08-02-2018,89.22000122070312,92.5199966430664,764800,92.95999908447266,89.26000213623047,85.70836639404297
09-02-2018,87.66999816894531,90.26000213623047,814200,91.80999755859375,91.05000305175781,87.4271469116211
12-02-2018,90.47000122070312,91.7300033569336,663500,92.44000244140625,91.7300033569336,88.08009338378906
13-02-2018,90.20999908447266,90.88999938964844,423300,91.94999694824219,91.5199966430664,87.87844848632812
14-02-2018,90.41000366210938,90.62999725341797,748300,93.8499984741211,93.47000122070312,89.75086975097656
15-02-2018,92.80000305175781,93.2300033569336,622000,94.43000030517578,94.19000244140625,90.44221496582031
16-02-2018,93.76000213623047,93.91000366210938,810900,95.1500015258789,93.80999755859375,90.07733154296875
20-02-2018,92.5999984741211,93.0,656500,93.7300033569336,92.83000183105469,89.1363296508789
21-02-2018,93.1500015258789,93.4000015258789,642600,94.94999694824219,93.19999694824219,89.4916000366211
22-02-2018,93.55000305175781,93.79000091552734,715800,94.9000015258789,93.77999877929688,90.04852294921875
23-02-2018,93.45999908447266,94.43000030517578,418400,95.44999694824219,95.41999816894531,91.62326049804688
26-02-2018,95.0199966430664,95.44000244140625,691800,96.58000183105469,96.4000015258789,92.56429290771484
27-02-2018,95.5,96.51000213623047,736900,97.55000305175781,95.5,91.70008850097656
28-02-2018,95.05999755859375,96.02999877929688,602400,96.93000030517578,95.2699966430664,91.479248046875
01-03-2018,92.75,94.87000274658203,647600,95.12999725341797,93.95999908447266,90.22135162353516
02-03-2018,93.02999877929688,93.18000030517578,444900,95.1500015258789,94.91999816894531,91.14315795898438
05-03-2018,93.62000274658203,94.08000183105469,628100,95.98999786376953,95.44000244140625,91.64248657226562
06-03-2018,95.20999908447266,95.47000122070312,323100,96.31999969482422,96.18000030517578,92.35301971435547
07-03-2018,95.29000091552734,95.29000091552734,459100,96.95999908447266,96.6500015258789,92.80433654785156
08-03-2018,96.83000183105469,97.2300033569336,346200,97.88999938964844,97.61000061035156,93.72613525390625
09-03-2018,97.80000305175781,98.38999938964844,428600,99.69000244140625,99.68000030517578,95.71377563476562
12-03-2018,99.16000366210938,99.5199966430664,332400,99.80999755859375,99.54000091552734,95.579345703125
13-03-2018,98.58999633789062,99.55999755859375,371800,99.97000122070312,98.88999938964844,94.9552001953125
14-03-2018,98.0,99.48999786376953,360500,99.48999786376953,98.58999633789062,94.66712951660156
15-03-2018,97.83000183105469,98.52999877929688,357700,98.69999694824219,98.11000061035156,94.20622253417969
16-03-2018,97.8499984741211,97.8499984741211,962100,98.73999786376953,98.19000244140625,94.2830581665039
19-03-2018,96.56999969482422,97.87999725341797,920000,98.69000244140625,97.75,93.8605728149414
20-03-2018,97.6500015258789,98.30000305175781,384300,98.61000061035156,98.18000030517578,94.27344512939453
21-03-2018,98.13999938964844,98.37999725341797,381500,99.25,98.33000183105469,94.41749572753906
22-03-2018,96.41999816894531,97.26000213623047,565900,98.0,96.4800033569336,92.64109802246094
23-03-2018,95.38999938964844,96.33999633789062,762800,97.37000274658203,95.47000122070312,91.67127227783203
26-03-2018,96.13999938964844,96.69999694824219,413200,98.44999694824219,98.2699966430664,94.35987091064453
27-03-2018,96.54000091552734,98.5,572300,98.81999969482422,97.27999877929688,93.40925598144531
28-03-2018,95.41000366210938,97.0999984741211,549000,97.0999984741211,96.25,92.42024230957031
29-03-2018,95.13999938964844,95.6500015258789,834500,99.06999969482422,98.47000122070312,94.55191802978516
02-04-2018,94.86000061035156,98.4800033569336,746200,98.5199966430664,95.80000305175781,91.9881591796875
03-04-2018,95.19999694824219,96.19000244140625,579400,97.2300033569336,96.91999816894531,93.06359100341797
04-04-2018,93.08000183105469,94.3499984741211,954300,96.16999816894531,95.83999633789062,92.02655792236328
05-04-2018,93.62000274658203,94.51000213623047,873700,96.2699966430664,95.20999908447266,91.42161560058594
06-04-2018,92.91999816894531,94.9800033569336,580500,96.0199966430664,93.62000274658203,89.89491271972656
09-04-2018,94.08000183105469,94.30000305175781,442400,95.66000366210938,94.6500015258789,90.8839111328125
10-04-2018,95.3499984741211,95.91000366210938,473500,97.16999816894531,96.66000366210938,92.81393432617188
11-04-2018,95.66999816894531,95.83000183105469,538600,96.83000183105469,96.44000244140625,92.6026840209961
12-04-2018,96.68000030517578,96.8499984741211,678000,98.80000305175781,98.5,94.58073425292969
13-04-2018,98.4000015258789,99.0,760600,99.58999633789062,98.8499984741211,94.91677856445312
16-04-2018,98.94000244140625,99.36000061035156,520400,100.16000366210938,99.69999694824219,95.73297119140625
17-04-2018,99.48999786376953,100.19999694824219,573800,100.87999725341797,100.72000122070312,96.71239471435547
18-04-2018,99.83999633789062,100.80000305175781,429500,101.61000061035156,101.16999816894531,97.14448547363281
19-04-2018,99.97000122070312,100.9000015258789,389600,100.9000015258789,100.37000274658203,96.37632751464844
20-04-2018,98.22000122070312,100.0199966430664,650500,100.08000183105469,98.80000305175781,94.86878967285156
23-04-2018,97.37999725341797,98.23999786376953,875000,99.55000305175781,97.94000244140625,94.04300689697266
24-04-2018,95.41999816894531,97.93000030517578,625200,98.08999633789062,96.55999755859375,92.71791076660156
25-04-2018,95.52999877929688,96.4800033569336,476800,96.55999755859375,96.44999694824219,92.61228942871094
26-04-2018,95.80999755859375,96.4000015258789,697800,97.47000122070312,97.19999694824219,93.33243560791016
27-04-2018,93.3499984741211,97.62999725341797,1338400,97.86000061035156,94.38999938964844,90.63426208496094
30-04-2018,94.52999877929688,95.61000061035156,1120000,96.27999877929688,94.63999938964844,90.87431335449219
01-05-2018,94.3499984741211,94.72000122070312,1288300,95.16000366210938,95.12000274658203,91.33522033691406
02-05-2018,95.54000091552734,95.94999694824219,932400,96.73999786376953,95.81999969482422,92.00736236572266
03-05-2018,94.69999694824219,95.91000366210938,755700,97.43000030517578,96.9800033569336,93.12120819091797
04-05-2018,95.44999694824219,96.55999755859375,498500,98.11000061035156,97.72000122070312,93.83175659179688
07-05-2018,97.4800033569336,97.79000091552734,728300,98.69999694824219,97.8499984741211,93.95659637451172
08-05-2018,96.98999786376953,97.7699966430664,627600,98.41999816894531,97.83000183105469,93.9373779296875
09-05-2018,97.3499984741211,97.61000061035156,427200,98.9000015258789,98.16000366210938,94.59266662597656
10-05-2018,99.68000030517578,100.08000183105469,795600,101.4000015258789,101.06999969482422,97.39691925048828
11-05-2018,100.63999938964844,100.94000244140625,690100,102.12999725341797,101.98999786376953,98.2834701538086
14-05-2018,101.48999786376953,101.73999786376953,440300,102.91000366210938,102.1500015258789,98.43766021728516
15-05-2018,100.94000244140625,101.5199966430664,533700,101.94000244140625,101.18000030517578,97.5029067993164
16-05-2018,101.2300033569336,101.41000366210938,459400,102.76000213623047,102.38999938964844,98.66896057128906
17-05-2018,100.8499984741211,102.22000122070312,486200,102.36000061035156,101.43000030517578,97.74384307861328
18-05-2018,101.11000061035156,101.26000213623047,457800,102.16999816894531,101.62999725341797,97.93656158447266
21-05-2018,101.69999694824219,102.27999877929688,421300,103.0,102.8499984741211,99.11222839355469
22-05-2018,101.51000213623047,102.80999755859375,552100,102.81999969482422,102.04000091552734,98.33164978027344
23-05-2018,101.58999633789062,101.66000366210938,447100,102.86000061035156,102.72000122070312,98.98695373535156
24-05-2018,102.13999938964844,102.66000366210938,756400,103.5999984741211,103.12999725341797,99.38204956054688
25-05-2018,102.88999938964844,103.2300033569336,487500,103.36000061035156,103.12000274658203,99.37242126464844
29-05-2018,100.56999969482422,102.16999816894531,823700,102.27999877929688,101.0999984741211,97.42582702636719
30-05-2018,101.36000061035156,101.5,604800,103.19000244140625,102.56999969482422,98.8423843383789
31-05-2018,101.9000015258789,102.5,1641600,103.4800033569336,102.80999755859375,99.07367706298828
01-06-2018,102.4800033569336,103.0199966430664,1000500,103.7300033569336,103.55999755859375,99.7964096069336
04-06-2018,103.44999694824219,103.75,590200,105.1500015258789,105.12999725341797,101.30937957763672
05-06-2018,104.63999938964844,104.88999938964844,562700,105.93000030517578,105.55999755859375,101.7237319946289
06-06-2018,105.44000244140625,105.80000305175781,439700,106.66999816894531,106.66000366210938,102.78376007080078
07-06-2018,105.20999908447266,106.87000274658203,435900,106.97000122070312,105.91000366210938,102.0610122680664
08-06-2018,105.58000183105469,105.69999694824219,345200,106.80000305175781,106.79000091552734,102.90904235839844
11-06-2018,106.20999908447266,106.80000305175781,369400,107.18000030517578,106.55999755859375,102.68739318847656
12-06-2018,106.33999633789062,106.45999908447266,535200,107.44999694824219,106.94999694824219,103.0632095336914
13-06-2018,106.43000030517578,107.0199966430664,524000,107.66999816894531,106.80000305175781,102.91867065429688
14-06-2018,106.44999694824219,106.79000091552734,626700,107.62999725341797,106.76000213623047,102.88014221191406
15-06-2018,105.25,106.76000213623047,1010300,106.83000183105469,105.80000305175781,101.95502471923828
18-06-2018,104.72000122070312,105.38999938964844,666900,106.56999969482422,106.27999877929688,102.41757202148438
19-06-2018,105.19999694824219,105.66999816894531,556500,106.13999938964844,106.0999984741211,102.24411010742188
20-06-2018,106.55000305175781,106.66999816894531,388000,107.5,106.80999755859375,102.92831420898438
21-06-2018,106.22000122070312,106.87999725341797,432600,107.58999633789062,107.02999877929688,103.14032745361328
22-06-2018,106.94999694824219,107.23999786376953,965800,108.29000091552734,107.93000030517578,104.00759887695312
25-06-2018,104.44999694824219,107.8499984741211,749400,107.93000030517578,105.5199966430664,101.6851806640625
26-06-2018,105.52999877929688,105.68000030517578,564600,107.0999984741211,106.37999725341797,102.51393127441406
27-06-2018,103.30000305175781,106.12000274658203,853700,106.1500015258789,103.43000030517578,99.67113494873047
28-06-2018,102.06999969482422,103.41000366210938,460500,104.37999725341797,104.08000183105469,100.29752349853516
29-06-2018,103.55000305175781,104.33000183105469,838100,105.05000305175781,103.58000183105469,99.81570434570312
02-07-2018,102.55999755859375,102.69999694824219,617100,103.79000091552734,103.77999877929688,100.00843048095703
03-07-2018,103.18000030517578,103.48999786376953,380800,104.18000030517578,103.5199966430664,99.75787353515625
05-07-2018,103.80000305175781,104.36000061035156,941600,105.4800033569336,105.26000213623047,101.43463897705078
06-07-2018,106.0,106.5199966430664,467000,107.4000015258789,106.81999969482422,102.93795013427734
09-07-2018,106.55000305175781,106.5999984741211,642100,107.54000091552734,107.2300033569336,103.33303833007812
10-07-2018,107.30999755859375,107.63999938964844,740900,108.55000305175781,108.0,104.07508087158203
11-07-2018,104.66000366210938,104.66000366210938,702000,108.38999938964844,107.56999969482422,103.66068267822266
12-07-2018,108.06999969482422,108.16000366210938,680500,109.20999908447266,109.0199966430664,105.05799865722656
13-07-2018,108.77999877929688,109.22000122070312,458000,109.62999725341797,109.12000274658203,105.15435028076172
16-07-2018,108.26000213623047,109.05000305175781,545000,109.27999877929688,108.97000122070312,105.00981140136719
17-07-2018,108.52999877929688,108.52999877929688,735300,109.69000244140625,109.37999725341797,105.40489196777344
18-07-2018,108.44999694824219,109.62999725341797,662300,109.7300033569336,108.5199966430664,104.576171875
19-07-2018,107.62000274658203,108.41999816894531,617900,109.30000305175781,108.80999755859375,104.85563659667969
20-07-2018,108.9800033569336,109.01000213623047,612900,109.97000122070312,109.33000183105469,105.35673522949219
23-07-2018,108.4800033569336,108.77999877929688,487200,109.2699966430664,109.05000305175781,105.0869140625
24-07-2018,108.54000091552734,109.7300033569336,492000,109.77999877929688,108.9800033569336,105.01944732666016
25-07-2018,108.25,108.3499984741211,862500,109.66999816894531,109.33000183105469,105.35673522949219
26-07-2018,107.9000015258789,109.0,668200,109.05999755859375,108.66000366210938,104.71107482910156
27-07-2018,105.91999816894531,108.88999938964844,548600,108.97000122070312,106.4800033569336,102.61030578613281
30-07-2018,104.37000274658203,106.29000091552734,831900,106.29000091552734,104.6500015258789,100.84680938720703
31-07-2018,104.87999725341797,104.9800033569336,824500,106.12999725341797,105.77999877929688,101.93572998046875
01-08-2018,105.45999908447266,105.68000030517578,820700,107.3499984741211,106.9800033569336,103.0921401977539
02-08-2018,106.47000122070312,106.47000122070312,979200,108.83999633789062,108.61000061035156,104.66290283203125
03-08-2018,102.75,106.22000122070312,1330000,106.4800033569336,104.73999786376953,100.93353271484375
06-08-2018,104.81999969482422,104.81999969482422,1018600,107.16000366210938,106.80000305175781,102.91867065429688
07-08-2018,106.66999816894531,106.81999969482422,1124700,107.80000305175781,107.73999786376953,103.82450103759766
08-08-2018,107.16999816894531,107.6500015258789,644000,108.37999725341797,107.91999816894531,103.99797821044922
09-08-2018,107.68000030517578,107.88999938964844,684900,109.62000274658203,108.08999633789062,104.16177368164062
10-08-2018,107.23999786376953,107.43000030517578,528100,108.2699966430664,107.77999877929688,103.86306762695312
13-08-2018,106.68000030517578,107.94000244140625,632300,108.77999877929688,106.7300033569336,102.85121154785156
14-08-2018,106.73999786376953,107.16999816894531,828900,108.68000030517578,108.26000213623047,104.32561492919922
15-08-2018,106.22000122070312,107.44999694824219,504600,107.58999633789062,107.13999938964844,103.60038757324219
16-08-2018,106.68000030517578,107.68000030517578,754900,107.86000061035156,106.83999633789062,103.31028747558594
17-08-2018,106.25,107.04000091552734,755100,107.23999786376953,106.80000305175781,103.27162170410156
20-08-2018,106.19999694824219,107.19000244140625,885500,107.2699966430664,106.4000015258789,102.88482666015625
21-08-2018,106.4800033569336,107.01000213623047,987600,107.41000366210938,106.87000274658203,103.33930969238281
22-08-2018,106.54000091552734,106.7300033569336,639100,107.55999755859375,107.25,103.70674896240234
23-08-2018,107.19999694824219,107.48999786376953,916500,108.44999694824219,108.25,104.67372131347656
24-08-2018,108.30000305175781,108.30000305175781,478900,109.2300033569336,108.9000015258789,105.30223846435547
27-08-2018,109.0999984741211,109.19999694824219,602200,110.79000091552734,110.73999786376953,107.0814437866211
28-08-2018,110.7300033569336,110.73999786376953,774800,112.4800033569336,111.52999877929688,107.84534454345703
29-08-2018,111.36000061035156,111.44000244140625,631500,112.66000366210938,112.37999725341797,108.66727447509766
30-08-2018,112.08000183105469,112.37999725341797,419500,112.80000305175781,112.4000015258789,108.68661499023438
31-08-2018,111.0999984741211,112.16999816894531,732500,112.66000366210938,111.41000366210938,107.72932434082031
04-09-2018,111.16999816894531,111.26000213623047,554700,111.98999786376953,111.8499984741211,108.15477752685547
05-09-2018,110.5,111.8499984741211,672000,112.01000213623047,111.9800033569336,108.28048706054688
06-09-2018,110.5,111.25,624500,112.45999908447266,111.93000030517578,108.23213958740234
07-09-2018,111.3499984741211,111.8499984741211,454900,112.87000274658203,112.04000091552734,108.33851623535156
10-09-2018,111.94999694824219,112.47000122070312,514300,112.76000213623047,112.01000213623047,108.30951690673828
11-09-2018,110.20999908447266,110.80000305175781,667700,111.76000213623047,111.33000183105469,107.65196228027344
12-09-2018,111.0199966430664,111.37000274658203,409800,111.83999633789062,111.6500015258789,107.9614028930664
13-09-2018,111.97000122070312,112.0199966430664,874500,114.0999984741211,114.08000183105469,110.31111907958984
14-09-2018,113.6500015258789,114.2300033569336,598800,114.4800033569336,114.2300033569336,110.45616912841797
17-09-2018,112.4800033569336,114.30000305175781,676600,114.5,112.76000213623047,109.03471374511719
18-09-2018,112.41000366210938,112.4800033569336,877000,113.70999908447266,113.43000030517578,109.68257904052734
19-09-2018,112.33999633789062,112.98999786376953,499000,113.54000091552734,112.61000061035156,108.88968658447266
20-09-2018,112.47000122070312,113.12000274658203,463400,113.58000183105469,113.4800033569336,109.73092651367188
21-09-2018,113.61000061035156,113.66999816894531,1089200,114.8499984741211,113.83000183105469,110.06938171386719
24-09-2018,113.29000091552734,113.5,426200,114.26000213623047,113.98999786376953,110.22408294677734
25-09-2018,114.1500015258789,114.36000061035156,769900,115.52999877929688,115.36000061035156,111.548828125
26-09-2018,114.87999725341797,115.27999877929688,897000,116.54000091552734,115.55000305175781,111.73253631591797
27-09-2018,114.41999816894531,115.5999984741211,473900,115.6500015258789,114.58999633789062,110.80425262451172
28-09-2018,114.19999694824219,114.5,564100,115.4000015258789,115.33999633789062,111.52946472167969
01-10-2018,114.98999786376953,115.87999725341797,376800,116.63999938964844,115.16999816894531,111.36509704589844
02-10-2018,113.30999755859375,114.7699966430664,768600,114.7699966430664,113.87000274658203,110.10806274414062
03-10-2018,111.6500015258789,113.94999694824219,592300,114.02999877929688,111.75,108.05809020996094
04-10-2018,109.19000244140625,111.56999969482422,543100,111.62999725341797,109.79000091552734,106.16283416748047
05-10-2018,108.61000061035156,109.94000244140625,551300,110.55999755859375,109.80999755859375,106.18217468261719
08-10-2018,106.70999908447266,109.77999877929688,548800,109.80000305175781,107.87000274658203,104.3062744140625
09-10-2018,106.0999984741211,107.13999938964844,620400,108.19000244140625,106.30000305175781,102.78813934326172
10-10-2018,103.05000305175781,106.1500015258789,697000,106.16000366210938,103.16000366210938,99.75187683105469
11-10-2018,101.16000366210938,102.61000061035156,878000,104.22000122070312,101.83999633789062,98.47547149658203
12-10-2018,102.0,103.41000366210938,653500,104.3499984741211,103.25,99.83889770507812
15-10-2018,102.19999694824219,103.16000366210938,549800,103.87999725341797,102.69000244140625,99.29741668701172
16-10-2018,103.18000030517578,103.38999938964844,637800,106.08000183105469,106.01000213623047,102.50773620605469
17-10-2018,105.44000244140625,105.81999969482422,449500,106.86000061035156,106.66000366210938,103.1362533569336
18-10-2018,104.2699966430664,106.16000366210938,713600,106.63999938964844,105.02999877929688,101.56010437011719
19-10-2018,102.72000122070312,105.30999755859375,729000,105.44000244140625,102.9800033569336,99.57784271240234
22-10-2018,101.8499984741211,102.5,783300,103.37000274658203,102.62999725341797,99.2393798828125
23-10-2018,98.83000183105469,101.25,945900,101.33000183105469,100.62999725341797,97.30547332763672
24-10-2018,97.79000091552734,100.43000030517578,669300,101.30000305175781,98.05999755859375,94.82036590576172
25-10-2018,96.36000061035156,98.08000183105469,1179000,99.26000213623047,98.5,95.24584197998047
26-10-2018,99.77999877929688,100.94000244140625,1952900,104.80000305175781,104.0999984741211,100.66082763671875
29-10-2018,101.75,105.29000091552734,1214100,105.76000213623047,103.16000366210938,99.75187683105469
30-10-2018,103.33000183105469,103.76000213623047,764100,105.25,105.19000244140625,101.71480560302734
31-10-2018,105.16999816894531,105.62000274658203,1129800,107.27999877929688,105.91999816894531,102.42069244384766
01-11-2018,104.68000030517578,105.58999633789062,843300,106.45999908447266,106.0,102.49805450439453
02-11-2018,104.79000091552734,106.98999786376953,709800,107.87999725341797,105.70999908447266,102.21762084960938
05-11-2018,104.81999969482422,105.97000122070312,854600,106.06999969482422,105.0,101.53111267089844
06-11-2018,104.4000015258789,105.04000091552734,626300,105.3499984741211,104.98999786376953,101.52141571044922
07-11-2018,104.58000183105469,104.81999969482422,928600,107.80999755859375,107.58999633789062,104.4034423828125
08-11-2018,106.86000061035156,106.97000122070312,544700,108.77999877929688,108.5199966430664,105.30590057373047
09-11-2018,105.94000244140625,108.02999877929688,470500,108.26000213623047,106.94000244140625,103.7727279663086
12-11-2018,103.36000061035156,106.7699966430664,625200,107.0,103.73999786376953,100.66748809814453
13-11-2018,101.04000091552734,103.20999908447266,751300,103.94000244140625,101.69999694824219,98.6878890991211
14-11-2018,100.83999633789062,102.75,513600,103.0,101.63999938964844,98.62966918945312
15-11-2018,100.88999938964844,101.44000244140625,567300,104.2699966430664,104.2300033569336,101.14297485351562
16-11-2018,102.33000183105469,102.72000122070312,869800,105.38999938964844,104.18000030517578,101.09445190429688
19-11-2018,101.37999725341797,104.08999633789062,1267900,104.33000183105469,102.56999969482422,99.53211975097656
20-11-2018,100.81999969482422,101.69999694824219,989600,102.26000213623047,101.61000061035156,98.6005630493164
21-11-2018,101.54000091552734,102.0999984741211,659900,103.41000366210938,102.8499984741211,99.80384826660156
23-11-2018,102.30999755859375,102.30999755859375,299100,104.0,103.69000244140625,100.61896514892578
26-11-2018,103.38999938964844,104.58999633789062,561400,104.81999969482422,104.73999786376953,101.63785552978516
27-11-2018,103.5199966430664,104.23999786376953,829900,105.83999633789062,105.58999633789062,102.46267700195312
28-11-2018,105.6500015258789,105.70999908447266,962600,108.97000122070312,108.87000274658203,105.64554595947266
29-11-2018,108.2300033569336,108.45999908447266,984200,111.2699966430664,110.5,107.2272720336914
30-11-2018,109.41999816894531,110.44999694824219,1494100,112.0999984741211,111.79000091552734,108.47906494140625
03-12-2018,111.68000030517578,112.0,799300,113.08000183105469,113.02999877929688,109.68232727050781
04-12-2018,111.41999816894531,112.62000274658203,1853000,113.44999694824219,112.12999725341797,108.80899047851562
06-12-2018,110.16000366210938,110.87999725341797,1445200,112.37000274658203,112.3499984741211,109.02246856689453
07-12-2018,109.43000030517578,111.87000274658203,1175600,112.18000030517578,109.98999786376953,106.73236846923828
10-12-2018,110.11000061035156,110.26000213623047,1047100,113.16000366210938,112.9000015258789,109.55619049072266
11-12-2018,113.37000274658203,113.72000122070312,1089900,114.80999755859375,113.94000244140625,110.56539154052734
12-12-2018,114.6500015258789,114.91999816894531,1102600,116.31999969482422,115.16000366210938,111.7492446899414
13-12-2018,114.66999816894531,115.63999938964844,949500,116.12000274658203,115.33000183105469,111.91421508789062
14-12-2018,112.16999816894531,114.25,1218400,114.25,112.93000030517578,109.58528137207031
17-12-2018,109.79000091552734,112.55999755859375,1392200,112.72000122070312,110.76000213623047,107.47957611083984
18-12-2018,110.4800033569336,111.06999969482422,1105700,112.23999786376953,111.6500015258789,108.34321594238281
19-12-2018,109.22000122070312,111.72000122070312,973300,113.12000274658203,109.52999877929688,106.2859878540039
20-12-2018,106.7300033569336,109.12000274658203,941600,109.87000274658203,107.47000122070312,104.28700256347656
21-12-2018,106.0199966430664,107.18000030517578,1791500,109.19000244140625,106.44999694824219,103.29721069335938
24-12-2018,103.19999694824219,106.22000122070312,478700,106.72000122070312,103.5199966430664,100.45399475097656
26-12-2018,103.77999877929688,103.77999877929688,669500,108.94999694824219,108.87999725341797,105.6552505493164
27-12-2018,107.05000305175781,107.88999938964844,956800,111.1500015258789,111.13999938964844,107.84829711914062
28-12-2018,110.11000061035156,111.86000061035156,856400,113.23999786376953,112.04000091552734,108.72164916992188
31-12-2018,112.33000183105469,112.5,960300,114.98999786376953,113.87000274658203,110.49745178222656
02-01-2019,111.27999877929688,111.98999786376953,1042300,113.26000213623047,111.7699966430664,108.45964813232422
03-01-2019,106.31999969482422,110.93000030517578,1372700,110.93000030517578,106.4800033569336,103.32633209228516
04-01-2019,107.83999633789062,108.19000244140625,1406600,112.37999725341797,110.19000244140625,106.92646026611328
07-01-2019,109.62999725341797,110.33999633789062,702400,112.5999984741211,111.22000122070312,107.92594146728516
08-01-2019,111.3499984741211,112.0,708800,113.55999755859375,113.51000213623047,110.14810943603516
09-01-2019,113.0,113.87999725341797,730300,115.27999877929688,114.55000305175781,111.1573257446289
10-01-2019,112.9800033569336,113.94000244140625,424300,115.47000122070312,115.38999938964844,111.9724349975586
11-01-2019,113.83000183105469,114.80999755859375,464000,115.01000213623047,114.80999755859375,111.40960693359375
14-01-2019,113.27999877929688,114.23999786376953,572300,114.41000366210938,113.58000183105469,110.21604919433594
15-01-2019,113.94999694824219,114.12999725341797,1099400,116.25,115.66999816894531,112.244140625
16-01-2019,115.95999908447266,116.0,874400,118.12999725341797,116.88999938964844,113.42800903320312
17-01-2019,116.05999755859375,116.27999877929688,775600,117.83999633789062,117.41000366210938,113.9326171875
18-01-2019,116.95999908447266,118.18000030517578,1028500,118.5,117.83999633789062,114.34986877441406
22-01-2019,116.55000305175781,116.9800033569336,701600,117.72000122070312,117.47000122070312,113.99082946777344
23-01-2019,115.37000274658203,117.70999908447266,592100,117.70999908447266,117.22000122070312,113.74825286865234
24-01-2019,116.12999725341797,117.2699966430664,670000,117.3499984741211,117.30000305175781,113.82586669921875
25-01-2019,94.23999786376953,100.41000366210938,5881000,100.56999969482422,94.55999755859375,91.75936126708984
28-01-2019,90.68000030517578,94.16999816894531,3239500,94.16999816894531,91.55999755859375,88.84821319580078
29-01-2019,90.63999938964844,92.81999969482422,2344700,92.95999908447266,92.04000091552734,89.31399536132812
30-01-2019,91.66000366210938,92.30000305175781,2254700,94.08999633789062,93.73999786376953,90.96366119384766
31-01-2019,93.81999969482422,94.4800033569336,2150600,95.37999725341797,95.16999816894531,92.35130310058594
01-02-2019,92.7300033569336,95.08999633789062,1701100,95.83000183105469,93.62000274658203,90.84722137451172
04-02-2019,92.91000366210938,93.5,1257700,94.62999725341797,94.33000183105469,91.53618621826172
05-02-2019,94.76000213623047,94.80999755859375,1709900,96.23999786376953,95.16000366210938,92.34161376953125
06-02-2019,94.80999755859375,94.88999938964844,1089500,95.91999816894531,95.58999633789062,93.12093353271484
07-02-2019,94.58999633789062,95.5199966430664,1159400,96.06999969482422,95.72000122070312,93.24757385253906
08-02-2019,95.66999816894531,96.66000366210938,1538000,97.19999694824219,96.80999755859375,94.30941772460938
11-02-2019,96.62999725341797,96.83999633789062,1095600,97.73999786376953,97.20999908447266,94.69908905029297
12-02-2019,97.12000274658203,97.94999694824219,1202200,98.37000274658203,98.20999908447266,95.67325592041016
13-02-2019,97.81999969482422,98.4800033569336,1193400,99.4000015258789,98.93000030517578,96.37466430664062
14-02-2019,98.62999725341797,98.98999786376953,1011500,99.88999938964844,99.44000244140625,96.87149047851562
15-02-2019,99.55999755859375,99.94999694824219,853200,100.48999786376953,100.44999694824219,97.85540008544922
19-02-2019,99.63999938964844,100.44000244140625,1030400,101.08000183105469,99.75,97.17349243164062
20-02-2019,98.45999908447266,99.43000030517578,1354600,99.81999969482422,99.7699966430664,97.19296264648438
21-02-2019,99.51000213623047,99.83000183105469,966600,100.27999877929688,100.0999984741211,97.51444244384766
22-02-2019,100.08000183105469,100.30000305175781,604000,101.45999908447266,101.23999786376953,98.62498474121094
25-02-2019,101.36000061035156,101.37000274658203,583900,102.12999725341797,101.66000366210938,99.03414154052734
26-02-2019,100.33999633789062,101.7300033569336,835600,101.7300033569336,100.80000305175781,98.19636535644531
27-02-2019,100.52999877929688,100.52999877929688,832500,102.08000183105469,101.81999969482422,99.19000244140625
28-02-2019,102.08999633789062,103.0,1812500,103.4800033569336,102.43000030517578,99.78426361083984
01-03-2019,102.22000122070312,102.80000305175781,672800,103.29000091552734,103.11000061035156,100.44669342041016
04-03-2019,101.01000213623047,103.61000061035156,916800,103.70999908447266,101.9000015258789,99.26795959472656
05-03-2019,100.61000061035156,101.9000015258789,668000,102.68000030517578,102.43000030517578,99.78426361083984
06-03-2019,100.56999969482422,102.44999694824219,758900,102.44999694824219,100.61000061035156,98.0112533569336
07-03-2019,99.80999755859375,100.5999984741211,1143200,101.06999969482422,100.48999786376953,97.89437103271484
08-03-2019,100.08000183105469,100.29000091552734,998800,101.33999633789062,101.0,98.39119720458984
11-03-2019,100.83000183105469,101.1500015258789,1099800,101.9000015258789,101.4000015258789,98.78086853027344
12-03-2019,101.7699966430664,101.8499984741211,983800,103.1500015258789,102.7699966430664,100.115478515625
13-03-2019,102.4000015258789,102.95999908447266,872200,103.48999786376953,102.62999725341797,99.97908782958984
14-03-2019,100.95999908447266,102.56999969482422,972500,102.56999969482422,101.0,98.39119720458984
15-03-2019,100.19999694824219,100.9000015258789,2279400,101.7300033569336,100.37000274658203,97.77748107910156
18-03-2019,96.94000244140625,100.36000061035156,1915700,100.61000061035156,97.4000015258789,94.88419342041016
19-03-2019,97.06999969482422,97.66000366210938,1101100,98.19000244140625,97.9000015258789,95.37126159667969
20-03-2019,98.44999694824219,99.12999725341797,1467600,100.80000305175781,98.80999755859375,96.25777435302734
21-03-2019,98.47000122070312,98.47000122070312,676800,101.2300033569336,100.97000122070312,98.36196899414062
22-03-2019,100.11000061035156,100.75,599200,101.91000366210938,100.13999938964844,97.55341339111328
25-03-2019,99.47000122070312,99.9800033569336,560600,101.76000213623047,101.41999816894531,98.80033874511719
26-03-2019,101.87000274658203,101.9800033569336,658300,103.45999908447266,102.31999969482422,99.6771011352539
27-03-2019,100.45999908447266,101.77999877929688,630800,102.33000183105469,101.5,98.87828063964844
28-03-2019,101.70999908447266,101.7300033569336,539100,102.7699966430664,102.69999694824219,100.04727935791016
29-03-2019,102.76000213623047,102.98999786376953,985400,104.08000183105469,103.97000122070312,101.28448486328125
01-04-2019,103.83000183105469,104.86000061035156,700300,105.18000030517578,104.66999816894531,101.96639251708984
02-04-2019,103.8499984741211,104.43000030517578,624400,105.25,105.01000213623047,102.29761505126953
03-04-2019,102.77999877929688,105.20999908447266,1783800,105.4000015258789,103.0,100.33953857421875
04-04-2019,100.8499984741211,101.68000030517578,720200,102.43000030517578,101.30000305175781,98.68346405029297
05-04-2019,99.8499984741211,100.62000274658203,975500,101.93000030517578,100.91000366210938,98.30352020263672
08-04-2019,100.3499984741211,101.12999725341797,725200,101.70999908447266,101.45999908447266,98.83931732177734
09-04-2019,100.91999816894531,101.4000015258789,490500,102.0,101.3499984741211,98.73214721679688
10-04-2019,100.86000061035156,101.30999755859375,514500,102.48999786376953,101.62000274658203,98.99518585205078
11-04-2019,100.31999969482422,101.55000305175781,1143900,101.58999633789062,100.83999633789062,98.23531341552734
12-04-2019,101.30999755859375,101.5,590900,102.56999969482422,102.27999877929688,99.63814544677734
15-04-2019,102.19999694824219,102.29000091552734,725700,103.16000366210938,103.0999984741211,100.43695831298828
16-04-2019,101.80999755859375,103.5999984741211,715500,104.23999786376953,101.8499984741211,99.21924591064453
17-04-2019,97.33999633789062,101.55000305175781,813800,101.8499984741211,97.37000274658203,94.8549575805664
18-04-2019,96.80999755859375,98.02999877929688,822600,99.44999694824219,99.22000122070312,96.65718078613281
22-04-2019,98.30999755859375,98.77999877929688,600500,101.13999938964844,100.01000213623047,97.42676544189453
23-04-2019,99.54000091552734,100.23999786376953,735900,101.94999694824219,101.48999786376953,98.86853790283203
24-04-2019,101.01000213623047,101.44000244140625,553300,102.31999969482422,101.7300033569336,99.10234069824219
25-04-2019,100.94000244140625,101.62999725341797,699000,102.69000244140625,102.25,99.6089096069336
26-04-2019,102.18000030517578,102.62999725341797,435300,103.9800033569336,103.94000244140625,101.2552719116211
29-04-2019,102.63999938964844,103.73999786376953,549500,104.06999969482422,103.06999969482422,100.40770721435547
30-04-2019,102.55999755859375,102.9800033569336,691200,104.69000244140625,104.51000213623047,101.81053924560547
01-05-2019,104.0199966430664,104.51000213623047,657800,105.37000274658203,104.44999694824219,101.75208282470703
02-05-2019,103.62000274658203,104.12999725341797,934800,105.83999633789062,105.73999786376953,103.0087661743164
03-05-2019,110.2300033569336,112.05999755859375,1332300,114.9000015258789,112.68000030517578,109.76950073242188
06-05-2019,110.3499984741211,111.33000183105469,1049100,112.7300033569336,112.62999725341797,109.72079467773438
07-05-2019,111.68000030517578,111.91999816894531,830500,112.98999786376953,112.33999633789062,109.43828582763672
08-05-2019,110.44999694824219,111.93000030517578,631200,112.20999908447266,111.41999816894531,108.90071105957031
09-05-2019,109.5199966430664,110.5999984741211,504400,112.19000244140625,112.05000305175781,109.5164794921875
10-05-2019,109.05999755859375,111.48999786376953,475200,112.51000213623047,112.08999633789062,109.55557250976562
13-05-2019,109.0999984741211,110.41999816894531,661100,111.27999877929688,110.8499984741211,108.34361267089844
14-05-2019,110.76000213623047,111.2300033569336,404700,112.76000213623047,112.05999755859375,109.5262451171875
15-05-2019,110.97000122070312,111.69999694824219,520100,113.04000091552734,112.81999969482422,110.26905822753906
16-05-2019,112.68000030517578,112.88999938964844,521200,114.6500015258789,113.43000030517578,110.86526489257812
17-05-2019,112.13999938964844,112.13999938964844,627200,114.16000366210938,112.77999877929688,110.22996520996094
20-05-2019,111.6500015258789,112.5199966430664,379700,112.80000305175781,112.05999755859375,109.5262451171875
21-05-2019,112.0,112.70999908447266,265300,113.37999725341797,112.48999786376953,109.946533203125
22-05-2019,112.08999633789062,112.45999908447266,378500,113.29000091552734,113.12000274658203,110.5622787475586
23-05-2019,111.2699966430664,112.25,698600,112.87999725341797,112.73999786376953,110.19086456298828
24-05-2019,112.55999755859375,112.8499984741211,396300,114.36000061035156,113.88999938964844,111.31488037109375
28-05-2019,113.3499984741211,114.48999786376953,1266100,115.55999755859375,113.37999725341797,110.81639862060547
29-05-2019,111.58000183105469,113.06999969482422,439700,113.33000183105469,112.16999816894531,109.63377380371094
30-05-2019,112.19000244140625,112.33999633789062,344600,113.6500015258789,113.30000305175781,110.73822021484375
31-05-2019,111.91000366210938,112.86000061035156,520100,114.5,114.12000274658203,111.5396728515625
03-06-2019,112.45999908447266,114.01000213623047,607600,114.80999755859375,112.76000213623047,110.21041107177734
04-06-2019,112.43000030517578,113.41999816894531,502200,114.55999755859375,114.06999969482422,111.49080657958984
05-06-2019,114.48999786376953,115.0,480400,115.52999877929688,115.12999725341797,112.52684783935547
06-06-2019,115.0199966430664,115.37000274658203,540100,117.56999969482422,116.88999938964844,114.24703979492188
07-06-2019,116.37999725341797,116.45999908447266,438800,117.9800033569336,117.4000015258789,114.7455062866211
10-06-2019,116.83999633789062,117.48999786376953,453900,118.93000030517578,118.33000183105469,115.65448760986328
11-06-2019,117.3499984741211,119.05999755859375,323500,120.0,118.19000244140625,115.51764678955078
12-06-2019,118.12000274658203,118.18000030517578,465600,119.6500015258789,119.52999877929688,116.82735443115234
13-06-2019,118.5999984741211,119.5,285700,119.9800033569336,119.44000244140625,116.73938751220703
14-06-2019,117.7699966430664,119.27999877929688,597600,119.58000183105469,118.08999633789062,115.41990661621094
17-06-2019,118.20999908447266,118.44000244140625,479800,119.27999877929688,118.5,115.82064056396484
18-06-2019,118.9800033569336,119.5,484000,119.80999755859375,119.62999725341797,116.9250717163086
19-06-2019,119.77999877929688,119.8499984741211,654000,121.0,120.54000091552734,117.81452178955078
20-06-2019,121.4000015258789,121.86000061035156,632300,123.33000183105469,123.2699966430664,120.48278045654297
21-06-2019,119.91000366210938,122.36000061035156,1102400,122.41000366210938,120.06999969482422,117.35514068603516
24-06-2019,119.69999694824219,120.0,455100,121.25,121.16999816894531,118.43026733398438
25-06-2019,119.61000061035156,120.86000061035156,692900,121.38999938964844,119.88999938964844,117.17921447753906
26-06-2019,118.0,120.05999755859375,427100,120.4000015258789,119.5,116.79802703857422
27-06-2019,119.44999694824219,119.91000366210938,303200,120.77999877929688,120.5999984741211,117.87316131591797
28-06-2019,120.36000061035156,120.5999984741211,802100,122.0999984741211,122.02999877929688,119.27081298828125
01-07-2019,122.02999877929688,123.16999816894531,539700,123.83000183105469,123.76000213623047,120.96170806884766
02-07-2019,122.62999725341797,123.62999725341797,437100,123.73999786376953,123.37000274658203,120.58052825927734
03-07-2019,123.08999633789062,123.62000274658203,378700,124.7300033569336,123.87999725341797,121.07898712158203
05-07-2019,122.66000366210938,123.37999725341797,316500,124.68000030517578,124.33000183105469,121.51882934570312
08-07-2019,123.2300033569336,123.7300033569336,523100,124.4000015258789,123.80999755859375,121.01055908203125
09-07-2019,122.76000213623047,123.0999984741211,539600,124.08000183105469,124.0199966430664,121.21582794189453
10-07-2019,123.94999694824219,124.4000015258789,367100,124.94000244140625,124.0,121.19630432128906
11-07-2019,123.77999877929688,124.7300033569336,501600,124.9000015258789,124.72000122070312,121.9000015258789
12-07-2019,123.19000244140625,124.5,398300,124.61000061035156,124.38999938964844,121.57746124267578
15-07-2019,123.63999938964844,124.5,536600,124.8499984741211,123.75,120.9519271850586
16-07-2019,122.75,123.94000244140625,411500,124.1500015258789,123.37000274658203,120.58052825927734
17-07-2019,122.23999786376953,122.7699966430664,440800,124.41000366210938,123.77999877929688,120.98125457763672
18-07-2019,123.80000305175781,123.94000244140625,383400,125.31999969482422,124.76000213623047,121.93910217285156
19-07-2019,123.41000366210938,125.22000122070312,444600,125.79000091552734,123.45999908447266,120.66848754882812
22-07-2019,123.29000091552734,123.86000061035156,502200,124.7300033569336,123.63999938964844,120.84442138671875
23-07-2019,121.91000366210938,123.25,400500,124.05999755859375,123.83000183105469,121.0301284790039
24-07-2019,123.02999877929688,124.01000213623047,497400,125.5,125.45999908447266,122.6232681274414
25-07-2019,123.2699966430664,124.8499984741211,528500,124.91000366210938,123.83999633789062,121.0399169921875
26-07-2019,125.58000183105469,130.0,1198300,132.8800048828125,126.87000274658203,124.00139617919922
29-07-2019,126.62000274658203,128.5800018310547,833400,129.52000427246094,129.41000366210938,126.48394012451172
30-07-2019,129.13999938964844,129.13999938964844,595800,131.5800018310547,130.22000122070312,127.2756576538086
31-07-2019,127.54000091552734,130.16000366210938,556600,130.77000427246094,128.6999969482422,125.79000854492188
01-08-2019,129.14999389648438,129.72000122070312,706600,133.1699981689453,131.5500030517578,128.57557678222656
02-08-2019,129.1300048828125,132.58999633789062,499500,132.8699951171875,130.27999877929688,127.33428955078125
05-08-2019,125.7699966430664,129.3000030517578,770000,129.32000732421875,126.9000015258789,124.03071594238281
06-08-2019,126.8499984741211,127.56999969482422,496100,129.5399932861328,129.42999267578125,126.50350189208984
07-08-2019,125.62000274658203,127.30000305175781,555400,129.52999877929688,129.0,126.08322143554688
08-08-2019,128.49000549316406,128.77000427246094,479300,131.6199951171875,131.41000366210938,128.43873596191406
09-08-2019,130.22999572753906,131.0,492600,132.14999389648438,131.39999389648438,128.428955078125
12-08-2019,131.1300048828125,131.3699951171875,432700,132.8699951171875,131.61000061035156,128.63421630859375
13-08-2019,131.14999389648438,131.14999389648438,535900,135.4499969482422,134.99000549316406,131.93780517578125
14-08-2019,131.0399932861328,133.41000366210938,490400,134.74000549316406,131.14999389648438,128.55599975585938
15-08-2019,130.69000244140625,131.1199951171875,322800,132.88999938964844,132.3300018310547,129.7126922607422
16-08-2019,132.8300018310547,133.25999450683594,572200,134.6300048828125,134.44000244140625,131.78094482421875
19-08-2019,135.17999267578125,135.6699981689453,541100,136.25,136.0,133.31008911132812
20-08-2019,135.22999572753906,136.3699951171875,539100,136.88999938964844,135.32000732421875,132.6435546875
21-08-2019,135.85000610351562,136.11000061035156,280300,137.3800048828125,136.55999755859375,133.85902404785156
22-08-2019,134.8300018310547,136.75999450683594,319700,137.07000732421875,136.0399932861328,133.34930419921875
23-08-2019,131.35000610351562,135.97000122070312,528800,136.19000244140625,132.17999267578125,129.5656280517578
26-08-2019,132.67999267578125,133.25,355200,135.1699981689453,135.1199951171875,132.447509765625
27-08-2019,134.72999572753906,135.52999877929688,364000,136.6300048828125,135.97999572753906,133.29049682617188
28-08-2019,135.6300048828125,135.6300048828125,354700,137.1199951171875,137.02999877929688,134.31973266601562
29-08-2019,136.91000366210938,138.0,383700,138.80999755859375,138.3800048828125,135.6430206298828
30-08-2019,137.47000122070312,139.2100067138672,619600,139.75999450683594,139.3000030517578,136.54483032226562
03-09-2019,136.57000732421875,138.11000061035156,411400,138.5500030517578,137.77000427246094,135.04505920410156
04-09-2019,137.17999267578125,138.60000610351562,378700,138.99000549316406,137.8300018310547,135.1039276123047
05-09-2019,138.0800018310547,139.2100067138672,476600,140.60000610351562,140.3300018310547,137.55442810058594
06-09-2019,139.60000610351562,140.6999969482422,431100,141.25,140.3000030517578,137.52503967285156
09-09-2019,134.86000061035156,140.07000732421875,625700,140.07000732421875,135.11000061035156,132.4376983642578
10-09-2019,130.75,134.10000610351562,632200,134.72000122070312,134.36000061035156,131.70254516601562
11-09-2019,132.77000427246094,133.41000366210938,625600,135.22000122070312,133.69000244140625,131.04579162597656
12-09-2019,133.7899932861328,134.9499969482422,683800,136.1999969482422,133.9600067138672,131.3104705810547
13-09-2019,131.24000549316406,133.72000122070312,637600,133.7899932861328,132.19000244140625,129.57550048828125
16-09-2019,130.52999877929688,131.6300048828125,587900,132.75999450683594,130.7100067138672,128.12477111816406
17-09-2019,131.14999389648438,131.39999389648438,731100,134.3699951171875,133.92999267578125,131.28103637695312
18-09-2019,131.05999755859375,133.89999389648438,717100,134.0399932861328,132.5800018310547,129.95773315429688
19-09-2019,132.39999389648438,133.00999450683594,580000,134.08999633789062,133.50999450683594,130.8693389892578
20-09-2019,132.3000030517578,133.41000366210938,758600,135.10000610351562,134.52999877929688,131.8691864013672
23-09-2019,134.27000427246094,134.47000122070312,578800,136.66000366210938,135.50999450683594,132.8297576904297
24-09-2019,135.2899932861328,136.42999267578125,445600,137.92999267578125,135.6199951171875,132.93760681152344
25-09-2019,134.75999450683594,136.1199951171875,325200,136.2899932861328,136.00999450683594,133.31991577148438
26-09-2019,134.42999267578125,136.5800018310547,358400,136.61000061035156,134.61000061035156,131.94761657714844
27-09-2019,133.07000732421875,134.8300018310547,400400,135.5399932861328,133.60000610351562,130.9575958251953
30-09-2019,133.67999267578125,134.13999938964844,460700,136.22999572753906,135.11000061035156,132.4376983642578
01-10-2019,132.94000244140625,135.1300048828125,510400,135.8800048828125,133.58999633789062,130.94775390625
02-10-2019,128.07000732421875,132.58999633789062,593900,133.1300048828125,128.8800048828125,126.3309326171875
03-10-2019,127.4000015258789,128.6199951171875,664000,130.52999877929688,130.2899932861328,127.71302032470703
04-10-2019,130.85000610351562,131.3300018310547,343800,132.44000244140625,132.39999389648438,129.7812957763672
07-10-2019,131.6300048828125,131.72999572753906,355100,132.9600067138672,132.17999267578125,129.5656280517578
08-10-2019,129.83999633789062,131.52000427246094,427100,131.77000427246094,130.22999572753906,127.65421295166016
09-10-2019,131.63999938964844,131.8000030517578,322100,132.64999389648438,132.17999267578125,129.5656280517578
10-10-2019,128.88999938964844,131.55999755859375,483200,131.55999755859375,130.47000122070312,127.88949584960938
11-10-2019,129.58999633789062,130.99000549316406,515800,131.86000061035156,129.66000366210938,127.09551239013672
14-10-2019,128.99000549316406,129.9499969482422,351200,130.19000244140625,129.22000122070312,126.66421508789062
15-10-2019,129.8699951171875,130.00999450683594,419600,131.02999877929688,130.4499969482422,127.86986541748047
16-10-2019,130.33999633789062,131.5800018310547,624600,132.0,131.16000366210938,128.56582641601562
17-10-2019,131.1999969482422,131.1999969482422,407900,132.72000122070312,131.6300048828125,129.02655029296875
18-10-2019,129.9499969482422,130.99000549316406,492300,131.9199981689453,131.2100067138672,128.6148223876953
21-10-2019,130.1199951171875,131.80999755859375,477100,131.8300018310547,130.52000427246094,127.93849182128906
22-10-2019,126.31999969482422,131.08999633789062,538900,131.4600067138672,126.5199966430664,124.0176010131836
23-10-2019,126.26000213623047,127.0,385000,127.80000305175781,126.73999786376953,124.23324584960938
24-10-2019,126.41999816894531,127.44999694824219,514800,129.24000549316406,127.7300033569336,125.20368194580078
25-10-2019,141.2899932861328,145.0,1638800,147.3699951171875,144.25999450683594,141.40672302246094
28-10-2019,141.72999572753906,144.11000061035156,795400,145.58999633789062,145.4499969482422,142.5731658935547
29-10-2019,144.00999450683594,145.0,583300,147.6300048828125,146.67999267578125,143.77882385253906
30-10-2019,145.36000061035156,145.97000122070312,463400,147.89999389648438,147.22999572753906,144.3179931640625
31-10-2019,146.9199981689453,147.27000427246094,704900,148.97000122070312,147.9199981689453,144.99432373046875
01-11-2019,147.3800048828125,148.9199981689453,455200,149.9600067138672,147.42999267578125,144.51400756835938
04-11-2019,146.14999389648438,147.85000610351562,587400,148.77999877929688,147.49000549316406,144.57284545898438
05-11-2019,144.0800018310547,147.5,557500,147.5,144.3800048828125,141.5243682861328
06-11-2019,142.77999877929688,143.74000549316406,445200,144.47000122070312,143.25,140.79702758789062
07-11-2019,141.3800048828125,143.77999877929688,731200,143.97000122070312,142.17999267578125,139.745361328125
08-11-2019,141.80999755859375,141.80999755859375,382400,144.6999969482422,143.85000610351562,141.3867645263672
11-11-2019,143.07000732421875,143.60000610351562,236700,145.13999938964844,143.8800048828125,141.41624450683594
12-11-2019,143.36000061035156,143.60000610351562,325200,145.75,144.14999389648438,141.68161010742188
13-11-2019,143.3699951171875,143.82000732421875,340200,145.57000732421875,145.27999877929688,142.79226684570312
14-11-2019,145.0,145.4600067138672,314200,146.00999450683594,145.4199981689453,142.9298858642578
15-11-2019,145.60000610351562,145.60000610351562,545900,147.3800048828125,147.10000610351562,144.58111572265625
18-11-2019,146.57000732421875,146.6999969482422,451800,148.49000549316406,147.77999877929688,145.2494354248047
19-11-2019,148.0,148.5800018310547,401000,149.94000244140625,149.38999938964844,146.83189392089844
20-11-2019,148.1300048828125,148.63999938964844,459800,151.4600067138672,149.63999938964844,147.07763671875
21-11-2019,145.75,148.97999572753906,614600,148.97999572753906,146.33999633789062,143.83412170410156
22-11-2019,144.55999755859375,146.6300048828125,586000,146.6300048828125,145.25,142.7627410888672
25-11-2019,145.00999450683594,145.0800018310547,392800,146.94000244140625,146.30999755859375,143.8046417236328
26-11-2019,146.67999267578125,147.42999267578125,1260000,149.75999450683594,149.5800018310547,147.01864624023438
27-11-2019,149.14999389648438,149.9499969482422,420100,151.13999938964844,150.8300018310547,148.2472381591797
29-11-2019,148.83999633789062,150.60000610351562,255700,151.3000030517578,149.60000610351562,147.0382843017578
02-12-2019,147.72999572753906,149.88999938964844,330300,149.94000244140625,149.00999450683594,146.4583740234375
03-12-2019,147.1699981689453,147.38999938964844,625600,150.0,149.47000122070312,146.91050720214844
04-12-2019,148.85000610351562,149.4600067138672,511700,150.55999755859375,150.14999389648438,147.57887268066406
05-12-2019,149.38999938964844,150.2899932861328,516700,150.57000732421875,150.17999267578125,147.60833740234375
06-12-2019,150.47999572753906,151.4600067138672,307400,151.60000610351562,150.58999633789062,148.0113525390625
09-12-2019,149.0399932861328,150.83999633789062,391200,151.33999633789062,149.32000732421875,146.76312255859375
10-12-2019,148.55999755859375,149.6300048828125,321600,149.9199981689453,148.97999572753906,146.4288787841797
11-12-2019,148.6199951171875,149.11000061035156,416800,150.5500030517578,150.47999572753906,147.90322875976562
12-12-2019,150.3699951171875,150.8000030517578,453500,152.52999877929688,152.25,149.64291381835938
13-12-2019,151.30999755859375,151.42999267578125,584300,153.9600067138672,153.6300048828125,150.99928283691406
16-12-2019,154.25999450683594,154.7100067138672,1021700,156.1999969482422,156.0,153.3286895751953
17-12-2019,154.52000427246094,156.47999572753906,512500,156.74000549316406,156.47999572753906,153.80047607421875
18-12-2019,155.07000732421875,156.66000366210938,766200,157.25,156.02000427246094,153.34832763671875
19-12-2019,155.13999938964844,156.64999389648438,466600,156.6699981689453,156.0399932861328,153.3679962158203
20-12-2019,155.55999755859375,157.36000061035156,1102200,157.86000061035156,155.92999267578125,153.2598876953125
23-12-2019,155.0,155.52999877929688,409100,156.4199981689453,155.69000244140625,153.02398681640625
24-12-2019,154.89999389648438,155.66000366210938,120900,156.92999267578125,156.6999969482422,154.0167236328125
26-12-2019,155.07000732421875,156.66000366210938,253600,156.66000366210938,155.7899932861328,153.122314453125
27-12-2019,155.08999633789062,156.22999572753906,308900,156.3800048828125,156.1999969482422,153.5252685546875
30-12-2019,154.16000366210938,156.2100067138672,288000,156.69000244140625,154.58999633789062,151.94285583496094
31-12-2019,153.57000732421875,154.22000122070312,503100,155.16000366210938,154.97000122070312,152.3163299560547
02-01-2020,154.0399932861328,155.39999389648438,444200,156.1699981689453,156.11000061035156,153.43682861328125
03-01-2020,153.1199951171875,154.08999633789062,417200,155.94000244140625,155.2899932861328,152.630859375
06-01-2020,153.85000610351562,154.9600067138672,449100,156.1199951171875,156.02999877929688,153.35818481445312
07-01-2020,154.72999572753906,155.00999450683594,351400,156.08999633789062,155.14999389648438,152.49327087402344
08-01-2020,154.17999267578125,155.72999572753906,474800,157.5,156.27000427246094,153.59410095214844
09-01-2020,156.57000732421875,157.0800018310547,444700,158.42999267578125,157.5800018310547,154.8816375732422
10-01-2020,155.8699951171875,158.0,392900,158.4600067138672,156.88999938964844,154.20346069335938
13-01-2020,156.4499969482422,157.39999389648438,383600,158.5800018310547,158.27000427246094,155.55984497070312
14-01-2020,156.9499969482422,157.47999572753906,312100,158.4199981689453,158.32000732421875,155.60899353027344
15-01-2020,157.89999389648438,158.42999267578125,408900,159.72999572753906,158.72000122070312,156.00213623046875
16-01-2020,158.1999969482422,159.52000427246094,725300,160.75,160.72999572753906,157.97769165039062
17-01-2020,160.24000549316406,160.97999572753906,475800,161.97999572753906,160.57000732421875,157.82044982910156
21-01-2020,160.00999450683594,160.38999938964844,506500,162.30999755859375,161.94000244140625,159.1669921875
22-01-2020,161.83999633789062,162.89999389648438,386300,165.0,164.3800048828125,161.565185546875
23-01-2020,160.88999938964844,163.55999755859375,531900,164.1300048828125,161.38999938964844,158.62637329101562
24-01-2020,160.80999755859375,161.52999877929688,549500,163.10000610351562,162.38999938964844,159.60928344726562
27-01-2020,159.57000732421875,160.0,444000,161.8000030517578,160.6199951171875,157.86956787109375
28-01-2020,161.24000549316406,161.24000549316406,533600,164.4199981689453,163.3000030517578,160.5037078857422
29-01-2020,164.11000061035156,164.13999938964844,571600,167.0500030517578,165.83999633789062,163.00018310546875
30-01-2020,162.99000549316406,164.30999755859375,619500,165.52000427246094,165.44000244140625,162.6070556640625
31-01-2020,158.16000366210938,164.3800048828125,1157500,166.02999877929688,158.97000122070312,156.2478485107422
03-02-2020,159.22999572753906,159.4600067138672,735000,163.99000549316406,163.13999938964844,160.346435546875
04-02-2020,164.9199981689453,165.44000244140625,708700,167.64999389648438,166.85000610351562,163.992919921875
05-02-2020,166.9600067138672,168.30999755859375,555800,169.0500030517578,167.74000549316406,164.86764526367188
06-02-2020,167.1300048828125,168.17999267578125,379400,170.57000732421875,170.50999450683594,167.59024047851562
07-02-2020,168.75999450683594,170.25,465100,171.63999938964844,171.4600067138672,168.52395629882812
10-02-2020,170.82000732421875,171.07000732421875,487500,173.2899932861328,173.19000244140625,170.22434997558594
11-02-2020,173.0399932861328,174.17999267578125,356700,174.89999389648438,174.35000610351562,171.36447143554688
12-02-2020,172.47000122070312,173.50999450683594,555100,174.72999572753906,172.75999450683594,170.182373046875
13-02-2020,172.27999877929688,172.58999633789062,497800,175.16000366210938,174.8800048828125,172.270751953125
14-02-2020,173.9499969482422,175.0500030517578,318300,176.6999969482422,176.60000610351562,173.965087890625
18-02-2020,174.17999267578125,176.13999938964844,637500,176.86000061035156,174.8000030517578,172.19195556640625
19-02-2020,175.02000427246094,175.52999877929688,378000,177.99000549316406,176.6199951171875,173.9847869873047
20-02-2020,172.50999450683594,176.39999389648438,290700,176.52999877929688,176.0,173.3740692138672
21-02-2020,173.5399932861328,175.3699951171875,448200,175.6999969482422,173.8800048828125,171.28565979003906
24-02-2020,168.25999450683594,169.9199981689453,436900,171.4499969482422,169.8300018310547,167.29612731933594
25-02-2020,164.7899932861328,170.25,434900,170.89999389648438,165.80999755859375,163.33607482910156
26-02-2020,165.5500030517578,165.9600067138672,479600,169.72000122070312,165.9199981689453,163.44444274902344
27-02-2020,162.66000366210938,164.02999877929688,632600,168.0500030517578,162.72000122070312,160.2921905517578
28-02-2020,153.02999877929688,158.85000610351562,1247600,160.14999389648438,158.9600067138672,156.5883026123047
02-03-2020,160.0500030517578,160.5,1258700,168.91000366210938,168.75,166.23223876953125
03-03-2020,162.63999938964844,168.67999267578125,918800,171.91000366210938,165.24000549316406,162.7746124267578
04-03-2020,167.52000427246094,168.3000030517578,1098300,175.25999450683594,174.82000732421875,172.21165466308594
05-03-2020,168.16000366210938,172.16000366210938,975500,172.8699951171875,170.75,168.20237731933594
06-03-2020,161.42999267578125,166.99000549316406,937300,168.00999450683594,166.0800018310547,163.60206604003906
09-03-2020,151.61000061035156,156.5,732100,158.0,154.5,152.19483947753906
10-03-2020,152.88999938964844,158.17999267578125,1186000,161.94000244140625,161.7100067138672,159.29727172851562
11-03-2020,150.5,157.52999877929688,757500,159.08999633789062,153.61000061035156,151.31809997558594
12-03-2020,135.91000366210938,143.77000427246094,1269500,147.6300048828125,136.1199951171875,134.0890655517578
13-03-2020,136.24000549316406,145.0,1230900,149.7899932861328,149.72999572753906,147.49598693847656
16-03-2020,134.10000610351562,137.49000549316406,1183600,146.2100067138672,137.92999267578125,135.87205505371094
17-03-2020,135.58999633789062,140.3000030517578,1943900,162.3000030517578,161.42999267578125,159.0214385986328
18-03-2020,146.22999572753906,146.75999450683594,1806600,158.80999755859375,151.75,149.4858856201172
19-03-2020,134.80999755859375,144.0399932861328,1567200,148.99000549316406,136.10000610351562,134.06936645507812
20-03-2020,113.43000030517578,134.49000549316406,1948000,135.3800048828125,114.33999633789062,112.63402557373047
23-03-2020,108.8499984741211,113.0,1427800,126.02999877929688,121.36000061035156,119.5492935180664
24-03-2020,124.58000183105469,127.45999908447266,1398200,135.85000610351562,135.05999755859375,133.0448760986328
25-03-2020,132.52000427246094,134.3300018310547,877900,140.52000427246094,135.7100067138672,133.68521118164062
26-03-2020,135.02999877929688,135.5399932861328,1020800,146.77000427246094,146.52000427246094,144.33389282226562
27-03-2020,136.0,139.25,885700,145.99000549316406,141.9499969482422,139.8320770263672
30-03-2020,143.0,143.27999877929688,1035000,156.22999572753906,154.2100067138672,151.90916442871094
31-03-2020,145.6300048828125,153.60000610351562,1281800,155.38999938964844,147.2899932861328,145.09239196777344
01-04-2020,138.16000366210938,140.72999572753906,974000,145.3800048828125,142.2899932861328,140.1669921875
02-04-2020,140.2899932861328,140.49000549316406,955000,150.6300048828125,150.1300048828125,147.89002990722656
03-04-2020,147.0,148.0,1262600,155.0,152.97000122070312,150.68765258789062
06-04-2020,155.58999633789062,157.99000549316406,822100,159.2899932861328,158.3000030517578,155.93814086914062
07-04-2020,152.41000366210938,159.27999877929688,1044600,159.8300018310547,153.67999267578125,151.38705444335938
08-04-2020,149.60000610351562,155.00999450683594,691600,156.32000732421875,155.16000366210938,152.844970703125
09-04-2020,149.6999969482422,150.49000549316406,936600,160.6199951171875,159.82000732421875,157.43545532226562
13-04-2020,154.13999938964844,158.30999755859375,471000,159.0,157.19000244140625,154.84471130371094
14-04-2020,160.10000610351562,160.6699981689453,571800,164.58999633789062,163.6699981689453,161.22799682617188
15-04-2020,157.9499969482422,159.02999877929688,609200,161.32000732421875,160.1699981689453,157.78025817871094
16-04-2020,160.1999969482422,161.8699951171875,542900,163.83999633789062,161.32000732421875,158.91307067871094
17-04-2020,160.50999450683594,164.38999938964844,754100,165.35000610351562,165.16000366210938,162.69578552246094
20-04-2020,161.8300018310547,163.3000030517578,689800,165.9499969482422,164.27999877929688,161.8289031982422
21-04-2020,156.5,160.9600067138672,426100,161.5,157.35000610351562,155.00233459472656
22-04-2020,157.1699981689453,160.13999938964844,409800,161.92999267578125,160.9199981689453,158.51902770996094
23-04-2020,158.61000061035156,161.58999633789062,541900,162.52999877929688,158.72999572753906,156.36170959472656
24-04-2020,158.66000366210938,161.39999389648438,483400,161.88999938964844,161.0,158.59783935546875
27-04-2020,160.1699981689453,163.11000061035156,634600,163.8000030517578,162.77000427246094,160.34144592285156
28-04-2020,156.77999877929688,164.0,627600,164.1199951171875,158.22000122070312,155.8593292236328
29-04-2020,156.1199951171875,160.0800018310547,619100,160.82000732421875,156.30999755859375,153.97781372070312
30-04-2020,152.27000427246094,155.0,912100,156.32000732421875,155.32000732421875,153.00259399414062
01-05-2020,156.82000732421875,157.0,1267800,164.0,159.07000732421875,156.69662475585938
04-05-2020,153.1199951171875,159.02000427246094,939800,159.33999633789062,154.77999877929688,152.47064208984375
05-05-2020,154.27000427246094,155.32000732421875,880400,162.8699951171875,159.41000366210938,157.03158569335938
06-05-2020,159.3300018310547,160.05999755859375,564400,163.22000122070312,159.92999267578125,157.54380798339844
07-05-2020,160.0399932861328,161.7100067138672,493900,162.7899932861328,160.6999969482422,158.30233764648438
08-05-2020,160.88999938964844,161.91000366210938,543100,165.47000122070312,162.75,160.3217315673828
11-05-2020,160.9600067138672,160.9600067138672,1128300,171.69000244140625,169.27999877929688,166.75428771972656
12-05-2020,167.14999389648438,170.5,648400,172.05999755859375,167.14999389648438,164.65609741210938
13-05-2020,162.0,166.25999450683594,590600,168.66000366210938,164.3699951171875,162.29623413085938
14-05-2020,158.75,162.5399932861328,518600,164.41000366210938,162.9600067138672,160.904052734375
15-05-2020,161.16000366210938,162.0500030517578,405400,165.72000122070312,164.1199951171875,162.0493927001953
18-05-2020,165.49000549316406,166.5,590500,169.64999389648438,167.1699981689453,165.0609130859375
19-05-2020,162.0,166.66000366210938,516800,168.67999267578125,162.57000732421875,160.5189666748047
20-05-2020,161.4600067138672,164.41000366210938,645100,165.0399932861328,161.75999450683594,159.71914672851562
21-05-2020,158.08999633789062,161.2100067138672,472000,161.32000732421875,160.67999267578125,158.65280151367188
22-05-2020,159.75999450683594,161.13999938964844,426200,163.07000732421875,161.35000610351562,159.31434631347656
26-05-2020,159.6199951171875,164.33999633789062,761700,164.77999877929688,160.47999572753906,158.45529174804688
27-05-2020,149.16000366210938,159.3000030517578,1016100,159.74000549316406,153.7100067138672,151.77073669433594
28-05-2020,154.1999969482422,154.97000122070312,541100,160.4199981689453,158.82000732421875,156.8162841796875
29-05-2020,157.08999633789062,161.0,943500,161.60000610351562,160.82000732421875,158.79103088378906
01-06-2020,159.25,160.1300048828125,472400,162.8699951171875,161.1199951171875,159.0872344970703
02-06-2020,157.05999755859375,161.0,512600,161.0,159.75999450683594,157.744384765625
03-06-2020,158.8800048828125,160.30999755859375,516100,162.47999572753906,161.80999755859375,159.76853942871094
04-06-2020,159.49000549316406,160.6999969482422,819400,164.3000030517578,160.80999755859375,158.78115844726562
05-06-2020,159.1699981689453,161.80999755859375,718400,165.69000244140625,160.83999633789062,158.81077575683594
08-06-2020,156.57000732421875,159.00999450683594,674500,162.8699951171875,162.8300018310547,160.77566528320312
09-06-2020,161.14999389648438,162.67999267578125,423400,164.02999877929688,161.49000549316406,159.4525909423828
10-06-2020,162.47000122070312,162.74000549316406,758800,167.9499969482422,166.5,164.39938354492188
11-06-2020,157.0800018310547,164.69000244140625,774400,165.57000732421875,158.1999969482422,156.20407104492188
12-06-2020,158.72999572753906,162.9199981689453,799500,165.8800048828125,160.69000244140625,158.6626739501953
15-06-2020,157.77999877929688,158.7899932861328,587700,164.08999633789062,163.75,161.68406677246094
16-06-2020,165.39999389648438,167.0,877700,170.30999755859375,168.99000549316406,166.8579559326172
17-06-2020,169.77000427246094,170.0,766700,173.58999633789062,172.39999389648438,170.22491455078125
18-06-2020,172.85000610351562,173.1199951171875,659900,176.58999633789062,173.74000549316406,171.5480194091797
19-06-2020,172.1199951171875,176.42999267578125,1090000,177.0,172.72000122070312,170.5408935546875
22-06-2020,174.25999450683594,176.5,930800,180.13999938964844,179.11000061035156,176.85028076171875
23-06-2020,179.47999572753906,180.4499969482422,733600,183.89999389648438,181.9499969482422,179.6544647216797
24-06-2020,178.5500030517578,180.83999633789062,828700,183.72999572753906,181.86000061035156,179.56556701660156
25-06-2020,180.74000549316406,182.0,817900,187.00999450683594,186.3000030517578,183.9495849609375
26-06-2020,185.0,186.42999267578125,1534400,189.05999755859375,185.6300048828125,183.28799438476562
29-06-2020,184.13999938964844,186.35000610351562,684000,188.39999389648438,188.32000732421875,185.94406127929688
30-06-2020,188.0399932861328,188.0399932861328,698500,193.1999969482422,192.0,189.57765197753906
01-07-2020,186.30999755859375,190.14999389648438,963800,191.5500030517578,190.86000061035156,188.45204162597656
02-07-2020,191.6199951171875,192.2899932861328,623100,193.91000366210938,192.47999572753906,190.05157470703125
06-07-2020,192.61000061035156,195.13999938964844,619000,197.3800048828125,193.6199951171875,191.17718505859375
07-07-2020,191.3000030517578,193.3300018310547,545400,195.77000427246094,191.47000122070312,189.05435180664062
08-07-2020,190.08999633789062,192.33999633789062,478000,193.67999267578125,192.72000122070312,190.28855895996094
09-07-2020,189.55999755859375,193.4600067138672,424600,195.08999633789062,193.69000244140625,191.246337890625
10-07-2020,190.8300018310547,193.83999633789062,391200,195.36000061035156,192.08999633789062,189.66651916503906
13-07-2020,187.22000122070312,192.92999267578125,559000,194.97999572753906,188.08999633789062,185.7169647216797
14-07-2020,187.4499969482422,187.91000366210938,544300,195.5,195.0399932861328,192.57928466796875
15-07-2020,194.86000061035156,196.97999572753906,523400,198.44000244140625,197.5500030517578,195.05763244628906
16-07-2020,192.99000549316406,196.83999633789062,375700,196.88999938964844,195.82000732421875,193.34947204589844
17-07-2020,196.77000427246094,197.22000122070312,517100,200.27000427246094,199.0,196.48936462402344
20-07-2020,198.64999389648438,199.42999267578125,379800,203.58999633789062,203.00999450683594,200.44876098632812
21-07-2020,201.77999877929688,203.72999572753906,525100,204.99000549316406,204.39999389648438,201.82119750976562
22-07-2020,203.36000061035156,205.0,511800,205.89999389648438,205.3300018310547,202.73948669433594
23-07-2020,203.05999755859375,205.97999572753906,430500,209.0,204.05999755859375,201.48550415039062
24-07-2020,199.5,203.42999267578125,358900,203.42999267578125,202.44000244140625,199.8859405517578
27-07-2020,203.52000427246094,203.69000244140625,368100,207.0399932861328,205.6300048828125,203.03570556640625
28-07-2020,202.10000610351562,205.0399932861328,345600,205.5,202.22999572753906,199.67857360839844
29-07-2020,202.64999389648438,203.64999389648438,578700,205.39999389648438,204.10000610351562,201.52500915527344
30-07-2020,201.33999633789062,201.5399932861328,537500,204.7899932861328,204.4600067138672,201.88046264648438
31-07-2020,200.80999755859375,205.52999877929688,659500,206.1699981689453,202.50999450683594,199.95504760742188
03-08-2020,200.0,200.0,745400,203.3000030517578,202.0,199.4514923095703
04-08-2020,200.72999572753906,201.9600067138672,802400,203.83999633789062,202.77000427246094,200.21177673339844
05-08-2020,202.64999389648438,203.47000122070312,961800,205.27999877929688,202.9600067138672,200.39938354492188
06-08-2020,173.33999633789062,190.0,2215000,190.22999572753906,175.52000427246094,173.30557250976562
07-08-2020,172.75,176.60000610351562,1257300,178.2100067138672,173.24000549316406,171.05433654785156
10-08-2020,173.36000061035156,175.0,1004500,176.74000549316406,175.14999389648438,172.9402313232422
11-08-2020,171.69000244140625,174.8699951171875,789100,175.63999938964844,172.97999572753906,170.79759216308594
12-08-2020,173.75,174.0,829700,177.3699951171875,175.83999633789062,173.62152099609375
13-08-2020,173.94000244140625,175.72999572753906,425400,178.07000732421875,177.50999450683594,175.27044677734375
14-08-2020,176.50999450683594,177.3000030517578,468700,178.22000122070312,176.77999877929688,174.54966735839844
17-08-2020,177.5500030517578,177.5500030517578,986700,183.25,183.1999969482422,180.88868713378906
18-08-2020,179.7899932861328,183.1999969482422,606500,183.72000122070312,183.02999877929688,180.72080993652344
19-08-2020,182.10000610351562,183.63999938964844,674300,185.1699981689453,183.42999267578125,181.5025177001953
20-08-2020,180.60000610351562,182.1300048828125,505000,183.5,180.97000122070312,179.068359375
21-08-2020,177.67999267578125,180.88999938964844,608600,180.91000366210938,179.3699951171875,177.4851837158203
24-08-2020,174.63999938964844,180.86000061035156,717900,181.30999755859375,176.4199981689453,174.566162109375
25-08-2020,176.25999450683594,177.49000549316406,556500,179.16000366210938,179.08999633789062,177.20811462402344
26-08-2020,175.9600067138672,178.1300048828125,366100,180.4600067138672,180.0800018310547,178.18772888183594
27-08-2020,177.80999755859375,180.17999267578125,372500,181.19000244140625,180.67999267578125,178.78138732910156
28-08-2020,178.3800048828125,180.60000610351562,290500,180.6199951171875,180.22999572753906,178.3361358642578
31-08-2020,177.41000366210938,179.38999938964844,587500,181.3000030517578,180.77999877929688,178.88037109375
01-09-2020,177.24000549316406,181.0,436900,181.75999450683594,178.91000366210938,177.03001403808594
02-09-2020,179.02999877929688,180.39999389648438,628800,184.3000030517578,183.0,181.07704162597656
03-09-2020,175.27000427246094,183.39999389648438,608800,183.39999389648438,177.86000061035156,175.99105834960938
04-09-2020,169.77000427246094,176.0500030517578,476600,177.0,173.55999755859375,171.73623657226562
08-09-2020,168.9499969482422,171.02000427246094,548700,173.5800018310547,171.4199981689453,169.61871337890625
09-09-2020,173.0399932861328,173.9199981689453,445800,176.86000061035156,174.67999267578125,172.84446716308594
10-09-2020,171.4499969482422,174.7100067138672,430400,176.00999450683594,172.05999755859375,170.2519989013672
11-09-2020,170.86000061035156,173.75999450683594,365200,174.83999633789062,172.0,170.19259643554688
14-09-2020,172.91000366210938,174.10000610351562,364600,175.52000427246094,174.42999267578125,172.59707641601562
15-09-2020,175.05999755859375,175.49000549316406,396000,177.69000244140625,175.5500030517578,173.705322265625
16-09-2020,173.1300048828125,176.9600067138672,590700,177.69000244140625,174.05999755859375,172.2310028076172
17-09-2020,171.00999450683594,172.44000244140625,476100,173.6999969482422,172.88999938964844,171.07327270507812
18-09-2020,167.7100067138672,171.75,965500,173.27000427246094,170.00999450683594,168.22352600097656
21-09-2020,165.72000122070312,168.69000244140625,714300,171.58999633789062,171.50999450683594,169.707763671875
22-09-2020,169.6199951171875,171.3300018310547,411100,172.60000610351562,172.25999450683594,170.4498748779297
23-09-2020,168.24000549316406,172.00999450683594,442400,172.35000610351562,168.6999969482422,166.92730712890625
24-09-2020,166.49000549316406,167.8000030517578,261200,169.89999389648438,168.13999938964844,166.37318420410156
25-09-2020,166.00999450683594,166.6999969482422,893300,169.30999755859375,169.0399932861328,167.26373291015625
28-09-2020,169.85000610351562,171.0,572500,174.1999969482422,172.0,170.19259643554688
29-09-2020,171.91000366210938,172.0,340800,174.0399932861328,172.66000366210938,170.84567260742188
30-09-2020,170.60000610351562,173.0500030517578,682400,174.8300018310547,171.42999267578125,169.62860107421875
01-10-2020,168.58999633789062,172.83999633789062,505900,174.42999267578125,169.50999450683594,167.72877502441406
02-10-2020,165.9199981689453,167.52999877929688,1132800,169.3800048828125,167.5,165.73992919921875
05-10-2020,168.11000061035156,168.22000122070312,663600,171.14999389648438,170.80999755859375,169.01513671875
06-10-2020,167.24000549316406,171.25,431900,171.63999938964844,167.64999389648438,165.88833618164062
07-10-2020,168.9199981689453,169.25,427400,171.5500030517578,170.6999969482422,168.90626525878906
08-10-2020,171.1300048828125,172.55999755859375,484100,173.6699981689453,172.6999969482422,170.88526916503906
09-10-2020,173.27000427246094,173.5,456400,176.72000122070312,176.1199951171875,174.2693328857422
12-10-2020,176.47999572753906,177.6699981689453,339700,178.2899932861328,177.42999267578125,175.56558227539062
13-10-2020,176.0800018310547,177.5,387100,179.6699981689453,177.66000366210938,175.79315185546875
14-10-2020,177.3699951171875,178.0,403900,181.02999877929688,177.80999755859375,175.9415740966797
15-10-2020,174.83999633789062,175.97000122070312,393100,179.66000366210938,179.60000610351562,177.71275329589844
16-10-2020,178.80999755859375,179.6199951171875,464900,182.35000610351562,180.7899932861328,178.8902587890625
19-10-2020,178.83999633789062,181.35000610351562,425600,183.07000732421875,179.41000366210938,177.5247802734375
20-10-2020,178.83999633789062,179.75,386700,181.63999938964844,179.42999267578125,177.5445556640625
21-10-2020,177.92999267578125,179.7899932861328,285200,181.3300018310547,179.1300048828125,177.24771118164062
22-10-2020,178.99000549316406,179.1300048828125,403300,183.5500030517578,182.82000732421875,180.89892578125
23-10-2020,181.02999877929688,182.52000427246094,305000,183.6999969482422,183.02999877929688,181.10671997070312
26-10-2020,179.25,181.16000366210938,366000,182.1699981689453,180.52999877929688,178.6330108642578
27-10-2020,181.00999450683594,181.99000549316406,657200,187.58999633789062,184.85000610351562,182.9075927734375
28-10-2020,180.32000732421875,181.80999755859375,612300,182.97000122070312,180.66000366210938,178.76162719726562
29-10-2020,177.6999969482422,180.0,581300,181.74000549316406,179.50999450683594,177.62368774414062
30-10-2020,189.1300048828125,195.8000030517578,897600,198.0,191.94000244140625,189.92311096191406
02-11-2020,193.19000244140625,195.16000366210938,870200,197.39999389648438,196.8000030517578,194.73202514648438
03-11-2020,196.6699981689453,197.1999969482422,707000,203.5500030517578,202.4600067138672,200.33258056640625
04-11-2020,203.25,203.58999633789062,675200,212.27999877929688,209.4199981689453,207.2194061279297
05-11-2020,210.4499969482422,212.0,562000,215.63999938964844,212.80999755859375,210.5738067626953
06-11-2020,211.08999633789062,212.02999877929688,549600,216.05999755859375,214.19000244140625,211.93930053710938
09-11-2020,218.0,219.5399932861328,1145500,224.24000549316406,220.58999633789062,218.27203369140625
10-11-2020,210.9499969482422,219.14999389648438,784000,219.14999389648438,212.11000061035156,210.2528839111328
11-11-2020,214.13999938964844,214.55999755859375,562700,218.25,215.8300018310547,213.94032287597656
12-11-2020,210.57000732421875,215.02000427246094,396800,215.7899932861328,212.7899932861328,210.92691040039062
13-11-2020,212.0800018310547,213.42999267578125,265700,214.94000244140625,214.74000549316406,212.85984802246094
16-11-2020,213.58999633789062,215.58999633789062,307100,216.6199951171875,215.5399932861328,213.65283203125
17-11-2020,211.50999450683594,213.50999450683594,332900,215.1699981689453,214.14999389648438,212.2750244140625
18-11-2020,210.94000244140625,214.6999969482422,388900,214.85000610351562,211.07000732421875,209.22198486328125
19-11-2020,210.32000732421875,211.75999450683594,319000,213.1699981689453,211.75999450683594,209.9059600830078
20-11-2020,210.25,211.6300048828125,384200,212.10000610351562,211.02000427246094,209.1724090576172
23-11-2020,207.89999389648438,211.52000427246094,391400,213.60000610351562,209.57000732421875,207.73512268066406
24-11-2020,204.7899932861328,210.60000610351562,580700,211.0,206.52999877929688,204.72174072265625
25-11-2020,204.5800018310547,206.2100067138672,306900,206.9499969482422,206.02999877929688,204.22610473632812
27-11-2020,205.67999267578125,207.24000549316406,261000,210.25,209.63999938964844,207.80450439453125
30-11-2020,207.8699951171875,208.94000244140625,828200,211.02000427246094,209.60000610351562,207.76483154296875
01-12-2020,209.74000549316406,210.4600067138672,558600,212.36000061035156,211.61000061035156,209.7572479248047
02-12-2020,208.3000030517578,209.57000732421875,378800,210.5800018310547,209.25999450683594,207.42784118652344
03-12-2020,206.75,208.36000061035156,376300,209.25,207.39999389648438,205.5841064453125
04-12-2020,206.8800048828125,207.4199981689453,305800,209.9199981689453,209.69000244140625,207.85406494140625
07-12-2020,208.5800018310547,209.52000427246094,290200,211.47000122070312,209.2100067138672,207.37826538085938
08-12-2020,207.47999572753906,208.25999450683594,429800,212.38999938964844,212.11000061035156,210.2528839111328
09-12-2020,210.44000244140625,212.52999877929688,366400,213.25999450683594,211.77000427246094,209.91586303710938
10-12-2020,208.0399932861328,211.05999755859375,400700,213.02000427246094,208.72999572753906,206.90248107910156
11-12-2020,203.61000061035156,207.32000732421875,583900,207.8699951171875,204.52999877929688,202.73924255371094
14-12-2020,205.72999572753906,206.1699981689453,485300,210.17999267578125,206.3800048828125,204.57305908203125
15-12-2020,206.3699951171875,207.8000030517578,533000,209.1999969482422,208.64999389648438,206.8231658935547
16-12-2020,207.72999572753906,209.52000427246094,500100,211.77000427246094,210.50999450683594,208.6668701171875
17-12-2020,210.52000427246094,211.0,402800,213.8800048828125,213.72999572753906,211.8586883544922
18-12-2020,212.4199981689453,214.14999389648438,1073900,219.27999877929688,218.4499969482422,216.53736877441406
21-12-2020,207.8800048828125,214.0,435000,215.25999450683594,213.47000122070312,211.6009521484375
22-12-2020,210.85000610351562,213.14999389648438,322300,214.1199951171875,211.6699981689453,209.8167266845703
23-12-2020,209.9199981689453,212.9499969482422,297800,213.10000610351562,209.97999572753906,208.14151000976562
24-12-2020,209.7100067138672,210.22999572753906,99600,212.92999267578125,212.4199981689453,210.5601348876953
28-12-2020,210.85000610351562,215.2899932861328,235500,216.25999450683594,211.42999267578125,209.57882690429688
29-12-2020,210.17999267578125,213.63999938964844,328600,213.63999938964844,211.25999450683594,209.4103240966797
30-12-2020,209.3699951171875,212.63999938964844,249500,212.63999938964844,209.72000122070312,207.88380432128906
31-12-2020,208.5399932861328,210.33999633789062,322800,213.1199951171875,212.55999755859375,210.69894409179688
04-01-2021,208.1699981689453,213.24000549316406,468600,214.99000549316406,212.17999267578125,210.322265625
05-01-2021,211.6999969482422,211.94000244140625,520300,215.66000366210938,214.61000061035156,212.73098754882812
06-01-2021,211.27000427246094,211.5800018310547,638500,215.8800048828125,213.2100067138672,211.34324645996094
07-01-2021,208.94000244140625,210.55999755859375,583400,216.08999633789062,215.25999450683594,213.3752899169922
08-01-2021,214.08999633789062,214.60000610351562,506100,219.13999938964844,218.94000244140625,217.0230712890625
11-01-2021,217.49000549316406,218.6999969482422,319700,221.19000244140625,220.3000030517578,218.3711700439453
12-01-2021,215.57000732421875,219.7100067138672,337500,220.1999969482422,216.8800048828125,214.98110961914062
13-01-2021,215.13999938964844,216.72000122070312,435900,217.5,216.47999572753906,214.58460998535156
14-01-2021,213.02999877929688,217.10000610351562,420700,217.86000061035156,213.27999877929688,211.4126434326172
15-01-2021,210.24000549316406,212.86000061035156,388800,213.9199981689453,211.6199951171875,209.7671661376953
19-01-2021,212.57000732421875,213.64999389648438,397300,216.6699981689453,214.89999389648438,213.01844787597656
20-01-2021,213.75999450683594,215.83999633789062,445300,218.86000061035156,217.9600067138672,216.05166625976562
21-01-2021,214.07000732421875,218.2899932861328,404200,218.55999755859375,217.07000732421875,215.16944885253906
22-01-2021,214.61000061035156,217.4199981689453,298000,217.47000122070312,215.52000427246094,213.63302612304688
25-01-2021,215.74000549316406,215.92999267578125,491600,224.0,221.67999267578125,219.73907470703125
26-01-2021,219.25,221.4600067138672,456400,224.42999267578125,222.27999877929688,220.33383178710938
27-01-2021,213.02000427246094,219.1300048828125,526600,220.75,214.05999755859375,212.185791015625
28-01-2021,214.27999877929688,215.72000122070312,500900,219.97999572753906,215.92999267578125,214.03939819335938
29-01-2021,198.89999389648438,212.6999969482422,1150000,212.6999969482422,201.57000732421875,199.80517578125
01-02-2021,198.82000732421875,203.75999450683594,850000,203.92999267578125,202.6699981689453,200.89552307128906
02-02-2021,203.92999267578125,204.2899932861328,1050700,208.8800048828125,206.6699981689453,204.86050415039062
03-02-2021,203.0,204.4199981689453,969000,206.24000549316406,203.2100067138672,201.43081665039062
04-02-2021,201.8300018310547,203.14999389648438,760000,206.22000122070312,204.05999755859375,202.27337646484375
05-02-2021,200.75999450683594,204.88999938964844,824800,207.0800018310547,202.1699981689453,200.39991760253906
08-02-2021,200.8000030517578,202.61000061035156,747000,204.02999877929688,201.5500030517578,199.7853546142578
09-02-2021,199.58999633789062,201.61000061035156,1226000,203.47000122070312,199.86000061035156,198.11012268066406
10-02-2021,199.11000061035156,201.3699951171875,943200,201.5500030517578,200.39999389648438,199.03378295898438
11-02-2021,199.52000427246094,201.63999938964844,840500,202.1999969482422,200.52999877929688,199.16290283203125
12-02-2021,198.74000549316406,199.86000061035156,1223800,200.9499969482422,200.5500030517578,199.18276977539062
16-02-2021,193.02000427246094,200.4600067138672,879700,200.4600067138672,194.10000610351562,192.7767333984375
17-02-2021,191.10000610351562,193.27000427246094,740500,201.58999633789062,199.72999572753906,198.36834716796875
18-02-2021,196.2100067138672,197.67999267578125,613200,201.4499969482422,199.8800048828125,198.51731872558594
19-02-2021,200.07000732421875,200.07000732421875,921600,203.22000122070312,201.17999267578125,199.80845642089844
22-02-2021,198.44000244140625,200.05999755859375,783300,201.1199951171875,200.02000427246094,198.65638732910156
23-02-2021,198.5399932861328,200.25,799200,201.6999969482422,200.08999633789062,198.7259063720703
24-02-2021,199.00999450683594,199.55999755859375,433500,202.97000122070312,200.97000122070312,199.5998992919922
25-02-2021,193.91000366210938,199.6699981689453,609700,200.82000732421875,194.97999572753906,193.65072631835938
26-02-2021,190.74000549316406,195.22999572753906,722200,195.47000122070312,192.77999877929688,191.46572875976562
01-03-2021,194.33999633789062,194.33999633789062,463100,196.89999389648438,195.6199951171875,194.286376953125
02-03-2021,192.35000610351562,195.82000732421875,498800,196.3800048828125,193.2100067138672,191.89280700683594
03-03-2021,188.47000122070312,191.8000030517578,386200,191.8000030517578,190.2100067138672,188.9132537841797
04-03-2021,181.27999877929688,189.52000427246094,985800,190.16000366210938,183.0500030517578,181.80206298828125
05-03-2021,181.27000427246094,185.77999877929688,966200,185.77999877929688,185.0500030517578,183.7884521484375
08-03-2021,179.3699951171875,185.0500030517578,895200,186.10000610351562,179.4600067138672,178.23654174804688
09-03-2021,180.72000122070312,181.25,1222000,185.24000549316406,182.25999450683594,181.01742553710938
10-03-2021,183.69000244140625,184.85000610351562,737600,186.77000427246094,185.38999938964844,184.1260986328125
11-03-2021,186.25,187.52999877929688,598900,188.3000030517578,186.7100067138672,185.43710327148438
12-03-2021,184.47999572753906,185.74000549316406,505800,186.5399932861328,185.1199951171875,183.8579559326172
15-03-2021,185.47999572753906,185.47999572753906,897200,187.6199951171875,187.08999633789062,185.8145294189453
16-03-2021,190.61000061035156,192.0399932861328,744100,193.47999572753906,191.99000549316406,190.68112182617188
17-03-2021,189.61000061035156,191.25999450683594,584800,192.10000610351562,191.47000122070312,190.1646728515625
18-03-2021,184.85000610351562,190.00999450683594,627300,191.10000610351562,185.08999633789062,183.8281707763672
19-03-2021,184.61000061035156,185.6199951171875,1036700,186.41000366210938,185.60000610351562,184.33470153808594
22-03-2021,184.72999572753906,185.1699981689453,451000,189.83999633789062,189.7899932861328,188.49609375
23-03-2021,188.92999267578125,191.07000732421875,574200,192.22999572753906,190.74000549316406,189.4396514892578
24-03-2021,191.38999938964844,193.50999450683594,860700,195.4600067138672,192.17999267578125,190.86981201171875
25-03-2021,186.08999633789062,191.99000549316406,661500,191.99000549316406,187.52999877929688,186.2515106201172
26-03-2021,185.61000061035156,186.63999938964844,418700,191.0399932861328,190.92999267578125,189.6283416748047
29-03-2021,189.58999633789062,190.0,597800,192.4199981689453,191.0500030517578,189.74752807617188
30-03-2021,187.19000244140625,190.02999877929688,495400,191.19000244140625,189.30999755859375,188.01937866210938
31-03-2021,190.41000366210938,191.33999633789062,827100,195.8699951171875,194.02000427246094,192.69728088378906
01-04-2021,192.47000122070312,194.13999938964844,485700,194.97999572753906,194.44000244140625,193.11441040039062
05-04-2021,194.08999633789062,196.14999389648438,470300,196.52000427246094,195.11000061035156,193.7798614501953
06-04-2021,194.88999938964844,195.3300018310547,678000,197.2899932861328,196.2899932861328,194.9517822265625
07-04-2021,195.7899932861328,196.99000549316406,637200,198.6999969482422,197.1199951171875,195.77613830566406
08-04-2021,196.57000732421875,198.61000061035156,579200,198.80999755859375,197.24000549316406,195.8953399658203
09-04-2021,197.44000244140625,198.08999633789062,392900,199.1699981689453,199.16000366210938,197.80223083496094
12-04-2021,198.47000122070312,198.47000122070312,453100,201.83999633789062,201.74000549316406,200.36465454101562
13-04-2021,201.1699981689453,202.0,657800,206.08999633789062,205.4499969482422,204.04934692382812
14-04-2021,205.0800018310547,205.0800018310547,933400,208.92999267578125,207.67999267578125,206.26414489746094
15-04-2021,203.75,207.4499969482422,690300,208.27999877929688,204.1999969482422,202.80787658691406
16-04-2021,204.47999572753906,205.6300048828125,475400,207.82000732421875,207.50999450683594,206.09530639648438
19-04-2021,204.60000610351562,206.6300048828125,398500,207.0,205.66000366210938,204.2579345703125
20-04-2021,204.88999938964844,206.0500030517578,349500,207.3800048828125,205.6999969482422,204.29766845703125
21-04-2021,206.38999938964844,206.8800048828125,267400,208.99000549316406,208.50999450683594,207.08848571777344
22-04-2021,207.32000732421875,208.3800048828125,327300,209.8699951171875,208.22000122070312,206.8004608154297
23-04-2021,207.22999572753906,208.8000030517578,280500,209.57000732421875,209.3000030517578,207.8731231689453
26-04-2021,209.02000427246094,209.7100067138672,515300,212.75,210.88999938964844,209.4522705078125
27-04-2021,209.75999450683594,210.75,530000,212.24000549316406,210.6699981689453,209.2337646484375
28-04-2021,209.4499969482422,210.0399932861328,311900,211.8000030517578,210.13999938964844,208.7073974609375
29-04-2021,206.74000549316406,210.6699981689453,424200,211.7100067138672,207.91000366210938,206.49258422851562
30-04-2021,187.08999633789062,198.0,1525900,198.5,187.97000122070312,186.68850708007812
03-05-2021,189.38999938964844,190.5500030517578,1279200,194.89999389648438,194.74000549316406,193.41236877441406
04-05-2021,187.6300048828125,193.41000366210938,929900,194.00999450683594,192.1699981689453,190.85989379882812
05-05-2021,190.07000732421875,192.0800018310547,755900,193.0,192.60000610351562,191.28697204589844
06-05-2021,189.6199951171875,192.1300048828125,725400,193.2899932861328,193.10000610351562,191.78355407714844
07-05-2021,193.60000610351562,193.85000610351562,407800,197.5,195.16000366210938,193.8295135498047
10-05-2021,193.19000244140625,196.0,600500,196.47999572753906,193.2100067138672,191.89280700683594
11-05-2021,191.0399932861328,191.8000030517578,855500,195.9499969482422,194.75,193.42230224609375
12-05-2021,189.8300018310547,191.89999389648438,608300,193.67999267578125,192.32000732421875,191.39215087890625
13-05-2021,193.0,193.5,539400,196.36000061035156,194.86000061035156,193.91989135742188
14-05-2021,194.52000427246094,195.3800048828125,344500,196.72999572753906,195.4199981689453,194.47718811035156
17-05-2021,194.19000244140625,195.0,447900,195.9199981689453,195.0,194.05921936035156
18-05-2021,192.72999572753906,193.92999267578125,567900,195.08999633789062,193.5399932861328,192.60626220703125
19-05-2021,189.94000244140625,192.25999450683594,467600,194.1199951171875,193.86000061035156,192.9247283935547
20-05-2021,194.75,194.99000549316406,512700,199.69000244140625,198.75,197.79112243652344
21-05-2021,201.75,202.00999450683594,599700,204.55999755859375,202.13999938964844,201.16477966308594
24-05-2021,204.77000427246094,206.5,598300,207.6199951171875,206.3300018310547,205.33457946777344
25-05-2021,204.4600067138672,207.50999450683594,614400,208.41000366210938,206.5500030517578,205.5535125732422
26-05-2021,201.58999633789062,205.69000244140625,606500,206.19000244140625,205.61000061035156,204.6180419921875
27-05-2021,205.25999450683594,205.69000244140625,1152900,207.89999389648438,205.9600067138672,204.9663543701172
28-05-2021,205.75999450683594,207.0,472200,210.22000122070312,205.85000610351562,204.85690307617188
01-06-2021,204.97999572753906,207.1300048828125,569200,208.32000732421875,206.25,205.25494384765625
02-06-2021,203.1199951171875,205.61000061035156,470900,206.17999267578125,203.55999755859375,202.5779266357422
03-06-2021,202.0,202.50999450683594,417400,204.67999267578125,203.92999267578125,202.94613647460938
04-06-2021,204.85000610351562,205.91000366210938,488600,207.0,205.30999755859375,204.31947326660156
07-06-2021,205.60000610351562,207.02000427246094,589200,208.52999877929688,206.6999969482422,205.7027587890625
08-06-2021,204.8800048828125,208.1199951171875,407100,208.88999938964844,207.47999572753906,206.47900390625
09-06-2021,209.05999755859375,209.83999633789062,827900,214.0,211.9600067138672,210.93740844726562
10-06-2021,212.5399932861328,215.5,762100,220.6199951171875,220.52999877929688,219.46604919433594
11-06-2021,217.17999267578125,217.63999938964844,351100,219.72000122070312,218.5800018310547,217.5254669189453
14-06-2021,221.5,221.5,1240800,232.14999389648438,231.6999969482422,230.5821533203125
15-06-2021,231.4199981689453,232.10000610351562,1185400,238.0500030517578,236.4600067138672,235.31919860839844
16-06-2021,232.5399932861328,234.8000030517578,852300,237.75,236.8000030517578,235.65756225585938
17-06-2021,236.0,236.38999938964844,919200,241.6699981689453,240.4600067138672,239.29989624023438
18-06-2021,237.32000732421875,240.02000427246094,1252100,242.5,237.44000244140625,236.29446411132812
21-06-2021,235.89999389648438,238.44000244140625,455700,239.99000549316406,239.52000427246094,238.3644561767578
22-06-2021,238.00999450683594,239.0399932861328,502600,241.52999877929688,241.08999633789062,239.92686462402344
23-06-2021,242.75,242.75,567000,245.16000366210938,243.39999389648438,242.22572326660156
24-06-2021,244.8800048828125,244.9600067138672,544300,247.4199981689453,245.97000122070312,244.78330993652344
25-06-2021,243.8300018310547,245.82000732421875,1248200,246.3699951171875,244.5,243.32040405273438
28-06-2021,245.07000732421875,245.4199981689453,528900,247.27999877929688,247.08999633789062,245.8979034423828
29-06-2021,245.02000427246094,246.97999572753906,421200,247.4600067138672,246.2899932861328,245.10177612304688
30-06-2021,244.36000061035156,246.66000366210938,647400,247.7899932861328,246.52000427246094,245.33065795898438
01-07-2021,245.19000244140625,245.72000122070312,537900,248.4499969482422,247.8800048828125,246.68411254882812
02-07-2021,246.6699981689453,248.0,383100,250.75999450683594,250.52999877929688,249.32131958007812
06-07-2021,244.16000366210938,246.89999389648438,1004300,248.6199951171875,247.92999267578125,246.7338409423828
07-07-2021,249.7100067138672,250.1300048828125,712400,252.6699981689453,252.0800018310547,250.8638458251953
08-07-2021,247.05999755859375,249.92999267578125,462800,251.30999755859375,250.72999572753906,249.52035522460938
09-07-2021,245.66000366210938,249.92999267578125,623400,249.92999267578125,247.67999267578125,246.48504638671875
12-07-2021,248.07000732421875,248.07000732421875,388700,250.24000549316406,248.83999633789062,247.6394805908203
13-07-2021,247.88999938964844,249.5500030517578,475900,250.92999267578125,248.75999450683594,247.5598602294922
14-07-2021,245.69000244140625,247.49000549316406,577600,249.58999633789062,249.3800048828125,248.17686462402344
15-07-2021,247.77999877929688,248.0,376700,250.13999938964844,249.60000610351562,248.39581298828125
16-07-2021,250.47000122070312,250.47000122070312,403300,254.2100067138672,253.19000244140625,251.96849060058594
19-07-2021,250.83999633789062,251.3800048828125,497500,254.5,253.5500030517578,252.32675170898438
20-07-2021,253.5500030517578,253.77000427246094,449000,256.5400085449219,255.25,254.0185546875
21-07-2021,252.0800018310547,255.4600067138672,298000,255.5399932861328,255.3699951171875,254.13795471191406
22-07-2021,256.0899963378906,256.0899963378906,226100,258.6099853515625,257.5899963378906,256.3472595214844
23-07-2021,257.7300109863281,258.1700134277344,322700,260.25,259.8299865722656,258.576416015625
26-07-2021,255.8699951171875,256.6700134277344,298500,260.0,259.739990234375,258.48687744140625
27-07-2021,258.6300048828125,259.1600036621094,503900,265.239990234375,264.239990234375,262.96514892578125
28-07-2021,262.3299865722656,264.4100036621094,580100,267.0799865722656,266.0299987792969,264.74652099609375
29-07-2021,266.1199951171875,266.94000244140625,284300,269.9800109863281,269.7300109863281,268.4287109375
30-07-2021,267.79998779296875,268.9599914550781,350300,272.75,271.79998779296875,270.4886779785156
02-08-2021,265.4800109863281,269.0,559200,270.7300109863281,268.6300048828125,267.333984375
03-08-2021,267.4200134277344,269.3800048828125,476500,273.1700134277344,273.0899963378906,271.7724609375
04-08-2021,272.67999267578125,274.19000244140625,515700,277.489990234375,273.19000244140625,271.87200927734375
05-08-2021,263.20001220703125,273.1099853515625,953900,273.1099853515625,267.3800048828125,266.09002685546875
06-08-2021,267.94000244140625,272.0,718200,276.9800109863281,274.69000244140625,273.3647766113281
09-08-2021,273.8999938964844,275.0899963378906,519200,278.7900085449219,277.9700012207031,276.6289367675781
10-08-2021,273.8399963378906,278.04998779296875,465200,278.30999755859375,275.1199951171875,273.79266357421875
11-08-2021,272.260009765625,276.1499938964844,355700,276.1499938964844,272.510009765625,271.1952819824219
12-08-2021,271.2200012207031,271.2200012207031,406700,275.55999755859375,275.20001220703125,273.872314453125
13-08-2021,273.30999755859375,275.6400146484375,297500,275.6400146484375,275.1000061035156,273.7727966308594
16-08-2021,274.8800048828125,275.57000732421875,508100,280.3599853515625,280.239990234375,278.8879699707031
17-08-2021,279.260009765625,279.7699890136719,424800,282.0799865722656,280.6000061035156,279.2462158203125
18-08-2021,279.42999267578125,280.5,345500,283.1700134277344,279.57000732421875,278.6382751464844
19-08-2021,277.95001220703125,279.0,304400,286.2200012207031,283.0299987792969,282.0867614746094
20-08-2021,281.0,281.7300109863281,422600,287.8800048828125,285.69000244140625,284.7378845214844
23-08-2021,285.5299987792969,287.9599914550781,371900,290.260009765625,285.8399963378906,284.8873596191406
24-08-2021,282.0,285.6300048828125,367400,287.0799865722656,282.239990234375,281.29937744140625
25-08-2021,281.5799865722656,282.29998779296875,347200,286.1400146484375,285.55999755859375,284.6083068847656
26-08-2021,282.9700012207031,285.2300109863281,250500,285.8999938964844,285.0400085449219,284.0900573730469
27-08-2021,285.17999267578125,286.1600036621094,297800,289.04998779296875,286.9100036621094,285.95379638671875
30-08-2021,285.5400085449219,285.8999938964844,342800,290.7799987792969,289.05999755859375,288.09661865234375
31-08-2021,287.32000732421875,290.0199890136719,520300,290.7300109863281,290.5299987792969,289.561767578125
01-09-2021,283.4700012207031,288.4100036621094,552200,289.6199951171875,288.07000732421875,287.1099548339844
02-09-2021,289.4700012207031,289.57000732421875,301200,294.510009765625,294.3999938964844,293.4188537597656
03-09-2021,290.8800048828125,292.1600036621094,245500,296.42999267578125,295.79998779296875,294.8141784667969
07-09-2021,292.1700134277344,296.1700134277344,473300,296.7699890136719,296.010009765625,295.02349853515625
08-09-2021,291.6700134277344,292.79998779296875,462500,298.29998779296875,297.3599853515625,296.3689880371094
09-09-2021,295.30999755859375,298.6000061035156,347900,301.3399963378906,295.5799865722656,294.59490966796875
10-09-2021,294.6000061035156,297.3299865722656,539800,298.0799865722656,295.5899963378906,294.6048889160156
13-09-2021,287.5,296.7900085449219,537800,297.6199951171875,288.8999938964844,287.93719482421875
14-09-2021,289.010009765625,289.7099914550781,454500,293.7900085449219,292.2799987792969,291.3059387207031
15-09-2021,288.95001220703125,291.8299865722656,416700,292.55999755859375,290.4200134277344,289.4521484375
16-09-2021,282.5199890136719,289.260009765625,621100,289.260009765625,286.17999267578125,285.22625732421875
17-09-2021,284.0,284.989990234375,917500,287.8599853515625,285.95001220703125,284.9970397949219
20-09-2021,280.8699951171875,282.1000061035156,624600,286.7900085449219,284.2300109863281,283.2827453613281
21-09-2021,285.3599853515625,287.0299987792969,442400,291.75,288.2300109863281,287.2694396972656
22-09-2021,286.69000244140625,289.4700012207031,299300,290.75,288.4800109863281,287.51861572265625
23-09-2021,282.0400085449219,289.6400146484375,697500,289.7300109863281,282.75,281.80767822265625
24-09-2021,277.5400085449219,280.0400085449219,557100,280.4800109863281,279.4800109863281,278.548583984375
27-09-2021,268.30999755859375,277.2099914550781,585500,277.6700134277344,270.5,269.5985107421875
28-09-2021,262.07000732421875,268.0,689300,268.2300109863281,264.82000732421875,263.93743896484375
29-09-2021,263.5799865722656,266.29998779296875,451000,267.2900085449219,265.3599853515625,264.47564697265625
30-09-2021,263.5299987792969,267.3800048828125,569600,269.3900146484375,263.54998779296875,262.6716613769531
01-10-2021,257.7099914550781,263.54998779296875,658900,263.9700012207031,262.20001220703125,261.326171875
04-10-2021,253.8000030517578,260.7900085449219,675900,261.0799865722656,255.02000427246094,254.17010498046875
05-10-2021,255.61000061035156,257.04998779296875,558300,260.3999938964844,257.9700012207031,257.11029052734375
06-10-2021,252.42999267578125,256.57000732421875,688700,256.67999267578125,256.1700134277344,255.3162841796875
07-10-2021,254.86000061035156,258.3500061035156,430800,261.55999755859375,254.99000549316406,254.14019775390625
08-10-2021,252.9499969482422,257.0,547800,257.79998779296875,253.89999389648438,253.05381774902344
11-10-2021,251.42999267578125,253.3699951171875,609400,255.47999572753906,251.6199951171875,250.7814178466797
12-10-2021,251.5,253.5,776700,254.39999389648438,252.25,251.40931701660156
13-10-2021,251.0399932861328,253.72000122070312,848400,254.3300018310547,252.25,251.40931701660156
14-10-2021,253.02999877929688,255.05999755859375,697700,256.7300109863281,254.6199951171875,253.77142333984375
15-10-2021,255.25,255.77000427246094,570900,258.07000732421875,255.49000549316406,254.63853454589844
18-10-2021,252.00999450683594,254.30999755859375,792500,257.5400085449219,256.989990234375,256.1335144042969
19-10-2021,260.0400085449219,261.0799865722656,584000,263.3500061035156,260.1600036621094,259.2929382324219
20-10-2021,259.17999267578125,262.54998779296875,623300,263.2699890136719,261.45001220703125,260.57867431640625
21-10-2021,259.54998779296875,262.0299987792969,584500,263.45001220703125,263.0400085449219,262.1633605957031
22-10-2021,262.739990234375,264.1099853515625,659600,268.1300048828125,267.5,266.6084899902344
25-10-2021,265.20001220703125,268.0,580700,268.2300109863281,267.9800109863281,267.0869140625
26-10-2021,266.8599853515625,270.3800048828125,381200,270.3800048828125,267.7200012207031,266.8277893066406
27-10-2021,266.010009765625,268.5,572400,270.95001220703125,268.1199951171875,267.2264404296875
28-10-2021,267.0400085449219,269.54998779296875,598600,275.6600036621094,268.6600036621094,267.7646484375
29-10-2021,257.8399963378906,271.4700012207031,889000,275.1099853515625,262.9100036621094,262.0337829589844
01-11-2021,262.0,264.45001220703125,564300,266.69000244140625,264.95001220703125,264.0670166015625
02-11-2021,261.57000732421875,265.2799987792969,549300,268.25,262.6000061035156,261.7248229980469
03-11-2021,261.8699951171875,264.2900085449219,509100,268.1499938964844,268.1199951171875,267.2264404296875
04-11-2021,259.8999938964844,266.7099914550781,522400,267.8699951171875,262.6499938964844,261.774658203125
05-11-2021,258.4800109863281,262.19000244140625,458900,264.489990234375,260.54998779296875,259.681640625
08-11-2021,258.8699951171875,259.9599914550781,517400,263.80999755859375,263.6300048828125,262.75140380859375
09-11-2021,259.7300109863281,262.0299987792969,387200,263.6199951171875,261.6499938964844,261.194091796875
10-11-2021,259.1099853515625,260.5799865722656,475400,263.5,259.4700012207031,259.0179138183594
11-11-2021,252.02999877929688,259.5400085449219,643800,259.5400085449219,253.3000030517578,252.85865783691406
12-11-2021,252.1199951171875,254.1300048828125,496800,255.8800048828125,254.80999755859375,254.36602783203125
15-11-2021,261.1099853515625,271.75,1254400,275.6000061035156,262.3699951171875,261.912841796875
16-11-2021,261.19000244140625,262.29998779296875,545300,268.8999938964844,266.4800109863281,266.0157165527344
17-11-2021,262.010009765625,266.0,446300,266.17999267578125,262.5299987792969,262.07257080078125
18-11-2021,262.010009765625,263.0199890136719,268000,264.25,263.1600036621094,262.70147705078125
19-11-2021,257.7200012207031,263.0,402800,265.4800109863281,260.30999755859375,259.8564453125
22-11-2021,256.45001220703125,261.0299987792969,497400,261.29998779296875,257.2200012207031,256.7718200683594
23-11-2021,251.05999755859375,255.8300018310547,279800,256.3699951171875,254.36000061035156,253.91680908203125
24-11-2021,252.4199981689453,252.8000030517578,275400,255.07000732421875,255.0,254.55569458007812
26-11-2021,250.44000244140625,255.24000549316406,241000,259.1700134277344,251.2100067138672,250.77230834960938
29-11-2021,251.72999572753906,252.67999267578125,446300,258.5400085449219,256.9200134277344,256.47235107421875
30-11-2021,254.16000366210938,257.6600036621094,1434300,261.25,254.85000610351562,254.4059600830078
01-12-2021,252.25999450683594,255.91000366210938,499200,259.20001220703125,253.2899932861328,252.84866333007812
02-12-2021,252.60000610351562,252.6999969482422,424900,258.5400085449219,255.8800048828125,255.43417358398438
03-12-2021,252.49000549316406,257.92999267578125,489700,258.45001220703125,254.77999877929688,254.33607482910156
06-12-2021,257.04998779296875,258.1499938964844,498800,261.75,260.29998779296875,259.846435546875
07-12-2021,262.3500061035156,263.0799865722656,382300,266.92999267578125,265.9100036621094,265.4466857910156
08-12-2021,265.9200134277344,266.4800109863281,363200,268.7699890136719,268.0199890136719,267.5530090332031
09-12-2021,264.54998779296875,267.9800109863281,332000,268.57000732421875,264.55999755859375,264.0990295410156
10-12-2021,258.7200012207031,264.9200134277344,398100,265.6000061035156,261.3800048828125,260.9245910644531
13-12-2021,258.1099853515625,260.75,376600,264.5299987792969,263.489990234375,263.0308837890625
14-12-2021,255.4499969482422,262.94000244140625,434200,263.4800109863281,256.4599914550781,256.0131530761719
15-12-2021,252.8300018310547,256.5199890136719,580000,259.7799987792969,256.55999755859375,256.11297607421875
16-12-2021,252.19000244140625,255.27999877929688,462600,258.07000732421875,253.77000427246094,253.32785034179688
17-12-2021,250.9199981689453,253.22999572753906,1389600,256.5899963378906,252.97999572753906,252.53921508789062
20-12-2021,245.3300018310547,251.33999633789062,463200,252.61000061035156,248.02999877929688,247.59783935546875
21-12-2021,251.9499969482422,253.7100067138672,564000,257.9599914550781,257.6300048828125,257.1811218261719
22-12-2021,257.04998779296875,257.19000244140625,298700,261.7200012207031,261.70001220703125,261.2440490722656
23-12-2021,257.55999755859375,261.17999267578125,461200,261.69000244140625,258.82000732421875,258.3690490722656
27-12-2021,257.5299987792969,260.4100036621094,201700,262.19000244140625,262.07000732421875,261.6133728027344
28-12-2021,259.1199951171875,264.30999755859375,156400,264.30999755859375,260.8900146484375,260.4354553222656
29-12-2021,260.1000061035156,261.2300109863281,247700,263.44000244140625,261.1099853515625,260.655029296875
30-12-2021,261.5400085449219,262.3599853515625,178200,263.32000732421875,261.989990234375,261.53350830078125
31-12-2021,260.25,261.1300048828125,293800,263.45001220703125,260.4800109863281,260.0261535644531
03-01-2022,254.47000122070312,258.5199890136719,375600,260.0400085449219,259.510009765625,259.057861328125
04-01-2022,251.25999450683594,259.95001220703125,348900,259.95001220703125,253.44000244140625,252.9984130859375
05-01-2022,244.66000366210938,252.55999755859375,430000,254.1699981689453,244.74000549316406,244.31358337402344
06-01-2022,241.49000549316406,244.47000122070312,384100,246.50999450683594,241.8000030517578,241.37869262695312
07-01-2022,236.80999755859375,240.27000427246094,533300,242.1300048828125,237.22999572753906,236.816650390625
10-01-2022,231.8000030517578,234.63999938964844,490300,237.38999938964844,237.35000610351562,236.93646240234375
11-01-2022,234.41000366210938,236.75,362900,238.38999938964844,238.3699951171875,237.9546661376953
12-01-2022,242.36000061035156,245.0,629900,247.32000732421875,244.1699981689453,243.74456787109375
13-01-2022,247.52999877929688,247.52999877929688,724900,254.77000427246094,251.6999969482422,251.26144409179688
14-01-2022,245.83999633789062,250.47000122070312,561800,254.14999389648438,252.16000366210938,251.72064208984375
18-01-2022,239.5500030517578,247.8000030517578,676600,247.89999389648438,240.69000244140625,240.2706298828125
19-01-2022,241.1199951171875,241.7899932861328,428000,246.1199951171875,241.38999938964844,240.9694061279297
20-01-2022,237.69000244140625,242.82000732421875,493300,246.17999267578125,237.9600067138672,237.54539489746094
21-01-2022,234.10000610351562,237.4600067138672,467100,238.2100067138672,235.16000366210938,234.75027465820312
24-01-2022,228.3699951171875,236.0,784200,239.19000244140625,238.52000427246094,238.1044158935547
25-01-2022,229.39999389648438,231.74000549316406,569200,235.14999389648438,232.1699981689453,231.76547241210938
26-01-2022,227.91000366210938,234.0399932861328,549900,237.1999969482422,231.0399932861328,230.63743591308594
27-01-2022,223.11000061035156,224.99000549316406,820000,230.77000427246094,224.88999938964844,224.49815368652344
28-01-2022,209.0,221.60000610351562,1299600,223.86000061035156,216.1199951171875,215.74343872070312
31-01-2022,221.14999389648438,221.8000030517578,850400,228.9199981689453,228.60000610351562,228.2017059326172
01-02-2022,226.35000610351562,230.9499969482422,1112200,232.60000610351562,232.16000366210938,231.7554931640625
02-02-2022,232.5,233.35000610351562,847200,237.9600067138672,237.1999969482422,236.78671264648438
03-02-2022,232.0,232.8699951171875,924100,238.55999755859375,237.00999450683594,236.59703063964844
04-02-2022,235.64999389648438,236.41000366210938,519800,240.9499969482422,239.00999450683594,238.5935516357422
07-02-2022,236.27000427246094,237.85000610351562,565700,239.9199981689453,237.5500030517578,237.1361083984375
08-02-2022,236.1999969482422,236.1999969482422,566100,241.1699981689453,241.0500030517578,240.6300048828125
09-02-2022,242.5800018310547,242.97000122070312,499300,247.55999755859375,246.47999572753906,246.47999572753906
10-02-2022,240.3000030517578,241.86000061035156,831700,245.30999755859375,244.35000610351562,244.35000610351562
11-02-2022,241.17999267578125,244.44000244140625,1182800,245.7899932861328,243.9199981689453,243.9199981689453
14-02-2022,231.6699981689453,242.58999633789062,706600,242.75,233.6199951171875,233.6199951171875
15-02-2022,232.3000030517578,235.80999755859375,579900,235.9199981689453,235.25,235.25
16-02-2022,231.72000122070312,234.7899932861328,645000,237.72000122070312,237.57000732421875,237.57000732421875
17-02-2022,232.14999389648438,236.64999389648438,478000,236.8300018310547,234.24000549316406,234.24000549316406
18-02-2022,230.6300048828125,233.91000366210938,644400,235.8000030517578,231.72999572753906,231.72999572753906
22-02-2022,228.91000366210938,229.8300018310547,578500,234.47999572753906,233.27000427246094,233.27000427246094
23-02-2022,232.82000732421875,235.14999389648438,513100,236.5399932861328,233.22999572753906,233.22999572753906
24-02-2022,228.32000732421875,230.1199951171875,554800,238.02999877929688,237.77999877929688,237.77999877929688
25-02-2022,237.25,237.60000610351562,538800,246.13999938964844,245.38999938964844,245.38999938964844
28-02-2022,241.4499969482422,243.0800018310547,767800,247.19000244140625,246.75,246.75
01-03-2022,244.3000030517578,245.0,685400,251.9600067138672,251.14999389648438,251.14999389648438
02-03-2022,247.89999389648438,250.0,778300,251.6999969482422,249.6199951171875,249.6199951171875
03-03-2022,247.19000244140625,250.6199951171875,500000,251.94000244140625,249.91000366210938,249.91000366210938
04-03-2022,243.52000427246094,247.97999572753906,508000,254.6699981689453,254.60000610351562,254.60000610351562
07-03-2022,245.69000244140625,250.00999450683594,656000,251.8699951171875,247.27999877929688,247.27999877929688
08-03-2022,237.72999572753906,244.75999450683594,515300,245.25,238.85000610351562,238.85000610351562
09-03-2022,241.6699981689453,241.6999969482422,386500,247.22000122070312,245.22999572753906,245.22999572753906
10-03-2022,238.67999267578125,241.2899932861328,506100,245.05999755859375,242.6199951171875,242.6199951171875
11-03-2022,237.77000427246094,244.11000061035156,406200,244.11000061035156,238.07000732421875,238.07000732421875
14-03-2022,235.69000244140625,239.25999450683594,345600,243.8300018310547,236.5800018310547,236.5800018310547
15-03-2022,237.88999938964844,238.07000732421875,464200,245.22000122070312,244.30999755859375,244.30999755859375
16-03-2022,246.47999572753906,246.47999572753906,505300,255.52000427246094,255.36000061035156,255.36000061035156
17-03-2022,253.89999389648438,254.00999450683594,364300,259.2200012207031,259.2200012207031,259.2200012207031
18-03-2022,258.6099853515625,259.3500061035156,753200,262.3800048828125,261.4700012207031,261.4700012207031
21-03-2022,254.35000610351562,259.6099853515625,387000,261.57000732421875,256.95001220703125,256.95001220703125
22-03-2022,254.52000427246094,256.739990234375,589700,260.07000732421875,255.0500030517578,255.0500030517578
23-03-2022,229.11000061035156,251.97999572753906,1300200,251.97999572753906,233.0,233.0
24-03-2022,236.5800018310547,238.00999450683594,1106900,241.77999877929688,241.3699951171875,241.3699951171875
25-03-2022,237.41000366210938,242.63999938964844,496800,243.5,240.3300018310547,240.3300018310547
28-03-2022,236.4600067138672,239.0,698100,242.57000732421875,242.47999572753906,242.47999572753906
29-03-2022,243.88999938964844,246.47000122070312,488100,248.97999572753906,247.22000122070312,247.22000122070312
30-03-2022,246.27000427246094,246.27000427246094,340900,249.7100067138672,249.00999450683594,249.00999450683594
31-03-2022,238.58999633789062,243.9499969482422,796000,245.9600067138672,242.50999450683594,242.50999450683594
01-04-2022,241.10000610351562,244.19000244140625,422800,247.47999572753906,246.44000244140625,246.44000244140625
04-04-2022,243.2899932861328,246.60000610351562,377300,248.82000732421875,245.7100067138672,245.7100067138672
05-04-2022,244.02999877929688,245.44000244140625,441000,250.36000061035156,245.47999572753906,245.47999572753906
06-04-2022,240.63999938964844,243.97999572753906,484400,247.8800048828125,247.2899932861328,247.2899932861328
07-04-2022,246.0,246.0800018310547,444900,253.6699981689453,252.0800018310547,252.0800018310547
08-04-2022,247.32000732421875,251.1999969482422,401100,252.30999755859375,249.3300018310547,249.3300018310547
11-04-2022,241.85000610351562,247.0,293100,247.99000549316406,242.14999389648438,242.14999389648438
12-04-2022,236.5,242.00999450683594,406300,243.75999450683594,237.3699951171875,237.3699951171875
13-04-2022,235.02000427246094,236.4199981689453,413400,238.44000244140625,236.60000610351562,236.60000610351562
14-04-2022,233.5399932861328,237.00999450683594,424300,237.16000366210938,234.2100067138672,234.2100067138672
18-04-2022,231.02999877929688,233.2899932861328,345900,234.85000610351562,231.99000549316406,231.99000549316406
19-04-2022,232.97000122070312,232.97000122070312,517400,240.49000549316406,239.4199981689453,239.4199981689453
20-04-2022,240.4600067138672,240.86000061035156,361800,246.72999572753906,245.0399932861328,245.0399932861328
21-04-2022,238.4499969482422,246.75999450683594,474900,246.75999450683594,239.0,239.0
22-04-2022,226.7899932861328,235.7899932861328,382400,236.72999572753906,227.41000366210938,227.41000366210938
25-04-2022,223.14999389648438,225.74000549316406,571800,228.0,225.9499969482422,225.9499969482422
26-04-2022,216.50999450683594,223.49000549316406,531100,224.88999938964844,216.66000366210938,216.66000366210938
27-04-2022,213.9499969482422,217.13999938964844,550900,219.25,214.72000122070312,214.72000122070312
28-04-2022,208.5500030517578,216.50999450683594,874000,216.50999450683594,213.50999450683594,213.50999450683594
29-04-2022,197.16000366210938,199.0,1037400,207.75999450683594,199.97000122070312,199.97000122070312
02-05-2022,196.30999755859375,199.8000030517578,722700,202.83999633789062,199.77000427246094,199.77000427246094
03-05-2022,195.22999572753906,200.0,890900,201.99000549316406,196.4199981689453,196.4199981689453
04-05-2022,195.47999572753906,196.50999450683594,767100,206.4600067138672,205.24000549316406,205.24000549316406
05-05-2022,201.4499969482422,203.99000549316406,807800,206.97999572753906,203.72999572753906,203.72999572753906
06-05-2022,195.44000244140625,202.0500030517578,692800,202.52999877929688,202.0500030517578,202.0500030517578
09-05-2022,191.1199951171875,198.82000732421875,766300,198.82000732421875,192.74000549316406,192.74000549316406
10-05-2022,191.2899932861328,195.00999450683594,657800,198.27000427246094,195.22000122070312,195.22000122070312
11-05-2022,191.24000549316406,194.00999450683594,645600,198.8300018310547,191.4600067138672,191.4600067138672
12-05-2022,189.39999389648438,190.25,447800,195.42999267578125,192.30999755859375,192.30999755859375
13-05-2022,194.39999389648438,195.86000061035156,598300,200.27000427246094,196.86000061035156,196.86000061035156
16-05-2022,195.02000427246094,196.32000732421875,346400,198.7899932861328,196.91000366210938,196.91000366210938
17-05-2022,194.77000427246094,200.0,545200,200.25999450683594,197.8300018310547,197.8300018310547
18-05-2022,190.19000244140625,195.1300048828125,812100,196.5,191.41000366210938,191.41000366210938
19-05-2022,190.1199951171875,190.86000061035156,594000,199.60000610351562,197.58999633789062,197.58999633789062
20-05-2022,193.64999389648438,199.74000549316406,451300,202.4199981689453,197.66000366210938,197.66000366210938
23-05-2022,195.3699951171875,199.99000549316406,425900,201.3300018310547,198.4600067138672,198.4600067138672
24-05-2022,192.86000061035156,197.9199981689453,560300,197.9199981689453,195.52000427246094,195.52000427246094
25-05-2022,192.85000610351562,194.52000427246094,343600,196.52999877929688,195.39999389648438,195.39999389648438
26-05-2022,196.52999877929688,197.39999389648438,417300,202.80999755859375,202.05999755859375,202.05999755859375
27-05-2022,204.0800018310547,204.0800018310547,372200,208.58999633789062,208.3000030517578,208.3000030517578
31-05-2022,202.42999267578125,205.9199981689453,950900,207.1999969482422,203.4600067138672,203.4600067138672
01-06-2022,201.50999450683594,205.66000366210938,577300,207.3300018310547,202.7100067138672,202.7100067138672
02-06-2022,202.05999755859375,203.0,462300,211.4499969482422,211.25999450683594,211.25999450683594
03-06-2022,206.07000732421875,209.44000244140625,462300,210.00999450683594,208.30999755859375,208.30999755859375
06-06-2022,210.39500427246094,212.9600067138672,88546,213.99000549316406,213.64999389648438,213.64999389648438
